1     0.74131     0.39930    1.85653      0.87981  12.11s
2     0.42077     0.38483    1.09341      0.87981  12.12s
3     0.40175     0.38854    1.03400      0.87981  12.11s
4     0.38370     0.38295    1.00197      0.87981  12.11s
5     0.38076     0.38148    0.99811      0.87981  12.12s
6     0.37366     0.38150    0.97946      0.87981  12.15s
7     0.37061     0.38129    0.97198      0.87981  12.17s
8     0.36386     0.37795    0.96271      0.87981  12.19s
9     0.36461     0.37629    0.96896      0.87981  12.19s
10     0.35844     0.37424    0.95779      0.87981  12.17s
11     0.36590     0.37404    0.97822      0.87981  12.18s
12     0.35534     0.37228    0.95451      0.87981  12.25s
13     0.36004     0.37318    0.96478      0.87981  12.23s
14     0.35254     0.37063    0.95121      0.87981  12.20s
15     0.35711     0.37030    0.96438      0.87981  12.19s
16     0.35073     0.37028    0.94722      0.87981  12.20s
17     0.34517     0.36718    0.94006      0.87981  12.24s
18     0.35164     0.36752    0.95679      0.87981  12.17s
19     0.34476     0.36495    0.94468      0.87981  12.17s
20     0.34779     0.36750    0.94637      0.87981  12.18s
21     0.33847     0.36747    0.92109      0.87981  12.01s
22     0.34767     0.36429    0.95438      0.87981  11.90s
23     0.33975     0.36458    0.93189      0.87981  12.17s
24     0.33841     0.36043    0.93893      0.87981  12.17s
25     0.33762     0.36305    0.92995      0.87981  12.16s
26     0.32857     0.36496    0.90030      0.87981  12.16s
27     0.33713     0.36126    0.93321      0.87981  12.25s
28     0.33099     0.36187    0.91468      0.87981  12.20s
29     0.32720     0.35904    0.91133      0.87981  12.19s
30     0.33068     0.35881    0.92158      0.87981  12.19s
31     0.31877     0.35931    0.88717      0.87981  12.20s
32     0.32027     0.35675    0.89776      0.87981  12.22s
33     0.31721     0.35613    0.89072      0.87981  12.20s
34     0.31761     0.35257    0.90086      0.87981  12.19s
35     0.31286     0.35433    0.88295      0.87981  12.17s
36     0.31305     0.35122    0.89132      0.87981  12.19s
37     0.30991     0.35045    0.88433      0.87981  12.22s
38     0.31185     0.35140    0.88744      0.87981  12.20s
39     0.30785     0.35173    0.87525      0.87981  12.19s
40     0.30095     0.35003    0.85978      0.87981  12.20s
41     0.30335     0.34925    0.86857      0.87981  12.20s
42     0.30276     0.34810    0.86975      0.87981  12.23s
43     0.30382     0.34685    0.87593      0.87981  12.17s
44     0.30316     0.34598    0.87625      0.87981  12.17s
45     0.29535     0.34432    0.85779      0.87981  12.16s
46     0.29832     0.34359    0.86823      0.87981  12.20s
47     0.29679     0.34272    0.86597      0.87981  12.22s
48     0.29618     0.34213    0.86568      0.87981  12.21s
49     0.28684     0.34074    0.84183      0.87981  12.20s
50     0.28382     0.33792    0.83991      0.87981  12.21s
51     0.28921     0.33535    0.86240      0.87981  12.24s
52     0.28625     0.33955    0.84302      0.87981  12.23s
53     0.28449     0.33700    0.84417      0.87981  12.20s
54     0.27688     0.33562    0.82496      0.87981  12.19s
55     0.27125     0.33679    0.80540      0.87981  12.20s
56     0.28601     0.33458    0.85484      0.88221  12.24s
57     0.26709     0.33370    0.80041      0.88221  12.22s
58     0.26665     0.33520    0.79552      0.87981  12.21s
59     0.27130     0.33332    0.81393      0.88221  12.21s
60     0.26064     0.33246    0.78396      0.88462  12.21s
61     0.26314     0.33226    0.79198      0.88462  12.22s
62     0.26663     0.33047    0.80680      0.88462  12.21s
63     0.26100     0.32842    0.79470      0.88462  12.20s
64     0.25628     0.32814    0.78101      0.88221  12.18s
65     0.25880     0.32351    0.79996      0.88702  12.18s
66     0.26039     0.32624    0.79817      0.88462  12.22s
67     0.25686     0.32113    0.79987      0.89183  12.18s
68     0.24182     0.32642    0.74081      0.88221  12.19s
69     0.25475     0.32612    0.78116      0.88942  12.20s
70     0.24174     0.32445    0.74506      0.89183  12.19s
71     0.24824     0.32022    0.77521      0.89183  12.25s
72     0.24114     0.32626    0.73909      0.89183  12.22s
73     0.23542     0.31790    0.74055      0.89183  12.20s
74     0.24166     0.32029    0.75450      0.89183  12.19s
75     0.23384     0.31642    0.73901      0.89183  12.16s
76     0.23430     0.31379    0.74669      0.89183  12.21s
77     0.23427     0.31103    0.75320      0.89183  12.17s
78     0.23389     0.31333    0.74647      0.89423  12.22s
79     0.22792     0.31234    0.72971      0.89183  12.20s
80     0.22441     0.31283    0.71737      0.89423  12.22s
81     0.22377     0.31303    0.71487      0.89183  12.23s
82     0.21939     0.30770    0.71298      0.89183  12.16s
83     0.20980     0.30921    0.67851      0.89904  12.17s
84     0.21091     0.30431    0.69307      0.89663  12.02s
85     0.21895     0.31531    0.69439      0.89904  12.16s
86     0.20893     0.31511    0.66305      0.90144  11.94s
87     0.21811     0.32120    0.67904      0.90144  11.94s
88     0.22220     0.31355    0.70866      0.90144  11.88s
89     0.21253     0.31345    0.67805      0.90144  11.94s
90     0.19710     0.30895    0.63795      0.90385  12.17s
91     0.20323     0.31016    0.65523      0.90144  12.22s
92     0.19555     0.30991    0.63100      0.89904  12.17s
93     0.20512     0.30936    0.66305      0.90144  12.17s
94     0.19935     0.30348    0.65687      0.89904  12.17s
95     0.19427     0.29995    0.64768      0.89904  12.18s
96     0.19242     0.30011    0.64117      0.89904  12.23s
97     0.19583     0.30861    0.63457      0.89904  12.18s
98     0.19545     0.30324    0.64453      0.90144  12.20s
99     0.18887     0.30413    0.62103      0.90144  12.19s
100     0.18867     0.30159    0.62559      0.89663  12.19s
101     0.17895     0.30274    0.59111      0.90144  12.22s
102     0.18201     0.30312    0.60046      0.89904  12.18s
103     0.17385     0.30241    0.57487      0.89904  12.18s
104     0.17286     0.30103    0.57423      0.89904  12.20s
105     0.17613     0.30046    0.58622      0.89663  12.17s
106     0.17905     0.28632    0.62534      0.90144  12.21s
107     0.17035     0.29341    0.58058      0.89904  12.19s
108     0.16894     0.29503    0.57262      0.89663  12.19s
109     0.16486     0.29503    0.55881      0.89663  12.18s
110     0.16708     0.29298    0.57027      0.89663  12.20s
111     0.15533     0.28946    0.53662      0.89663  12.19s
112     0.15779     0.30448    0.51822      0.90144  12.14s
113     0.15989     0.29701    0.53833      0.89904  12.16s
114     0.14910     0.29245    0.50984      0.89904  12.15s
115     0.14746     0.28747    0.51295      0.89904  12.19s
116     0.15442     0.30352    0.50875      0.89904  12.16s
117     0.15535     0.29305    0.53013      0.89904  12.16s
118     0.15040     0.29333    0.51273      0.89663  12.16s
119     0.13431     0.28692    0.46809      0.89663  12.18s
120     0.14281     0.29109    0.49061      0.90144  12.20s
121     0.13496     0.29027    0.46495      0.89904  12.17s
122     0.14020     0.28384    0.49395      0.89663  12.16s
123     0.14679     0.28058    0.52318      0.90144  12.17s
124     0.13336     0.29212    0.45654      0.90144  12.16s
125     0.12659     0.30117    0.42033      0.89904  12.21s
126     0.13894     0.29309    0.47406      0.89904  12.16s
127     0.13374     0.28912    0.46258      0.89904  12.16s
128     0.13046     0.28480    0.45807      0.89904  12.17s
129     0.13330     0.29135    0.45754      0.89904  12.18s
130     0.12328     0.28786    0.42826      0.89904  12.19s
131     0.12607     0.28059    0.44928      0.89904  12.17s
132     0.12852     0.28368    0.45304      0.89904  12.16s
133     0.12981     0.28864    0.44975      0.89423  12.16s
134     0.11894     0.29216    0.40710      0.89904  12.17s
135     0.13119     0.29842    0.43961      0.89904  12.21s
136     0.11873     0.28276    0.41990      0.89663  12.15s
137     0.13010     0.29182    0.44584      0.89904  12.15s
138     0.12175     0.29374    0.41448      0.90144  12.16s
139     0.12070     0.26632    0.45321      0.90385  12.16s
140     0.12321     0.28278    0.43570      0.90144  12.19s
141     0.11490     0.28565    0.40225      0.89904  12.16s
142     0.12060     0.29326    0.41124      0.90144  12.16s
143     0.11089     0.30175    0.36748      0.89904  12.16s
144     0.11515     0.29882    0.38536      0.90144  12.17s
145     0.10911     0.27896    0.39112      0.90144  12.18s
146     0.12715     0.26115    0.48689      0.90385  12.16s
147     0.18193     0.25309    0.71883      0.90625  12.17s
148     0.14655     0.27783    0.52750      0.90144  12.15s
149     0.12262     0.28821    0.42548      0.89904  12.17s
150     0.10394     0.30667    0.33895      0.90144  12.20s
151     0.10530     0.31503    0.33426      0.90144  12.17s
152     0.11873     0.30846    0.38489      0.90144  12.16s
153     0.10353     0.31154    0.33232      0.89904  12.16s
154     0.09261     0.31215    0.29670      0.89904  12.16s
155     0.09712     0.30011    0.32363      0.90385  12.23s
156     0.09537     0.30133    0.31648      0.89663  12.16s
157     0.09885     0.30689    0.32209      0.90144  12.17s
158     0.08690     0.32518    0.26725      0.89663  12.17s
159     0.08544     0.31622    0.27019      0.89904  12.19s
160     0.08848     0.30387    0.29118      0.90625  12.21s
161     0.07863     0.29909    0.26290      0.90385  12.18s
162     0.08517     0.31742    0.26833      0.89904  12.18s
163     0.08264     0.32340    0.25553      0.89663  12.18s
164     0.07849     0.32176    0.24394      0.89663  12.16s
165     0.07473     0.32582    0.22936      0.89663  12.19s
166     0.07882     0.29695    0.26544      0.90865  12.19s
167     0.07907     0.33536    0.23577      0.90144  12.18s
168     0.07583     0.33345    0.22742      0.90385  12.18s
169     0.07700     0.32302    0.23837      0.89904  12.17s
170     0.06936     0.34312    0.20215      0.89904  12.23s
171     0.06914     0.33578    0.20592      0.89904  12.18s
172     0.06546     0.32962    0.19861      0.89904  12.18s
173     0.06980     0.35730    0.19534      0.89904  12.17s
174     0.06503     0.34331    0.18942      0.89904  12.16s
175     0.06399     0.33709    0.18983      0.89904  12.20s
176     0.05954     0.33676    0.17680      0.90385  12.17s
177     0.06438     0.34411    0.18710      0.90625  12.17s
178     0.05836     0.30865    0.18908      0.90625  12.16s
179     0.06092     0.35189    0.17311      0.90144  12.18s
180     0.05573     0.34981    0.15931      0.90385  12.20s
181     0.05927     0.34301    0.17278      0.89904  12.17s
182     0.05662     0.31911    0.17742      0.90144  12.17s
183     0.05395     0.36322    0.14854      0.90144  12.17s
184     0.05381     0.34417    0.15635      0.89904  12.20s
185     0.04545     0.34091    0.13331      0.89904  12.18s
186     0.04530     0.37302    0.12144      0.89904  12.16s
187     0.04966     0.36182    0.13724      0.89904  12.17s
188     0.05512     0.34263    0.16086      0.90144  12.17s
189     0.05036     0.35236    0.14292      0.90385  12.19s
190     0.05161     0.35752    0.14436      0.90144  11.94s
191     0.04505     0.36157    0.12460      0.90144  11.91s
192     0.03942     0.35577    0.11080      0.90144  11.91s
193     0.04274     0.36597    0.11679      0.89904  11.91s
194     0.04042     0.42044    0.09615      0.89663  11.95s
195     0.04445     0.38951    0.11412      0.89663  11.94s
196     0.04304     0.43002    0.10009      0.89423  11.89s
197     0.04650     0.36428    0.12766      0.89904  12.18s
198     0.03818     0.37920    0.10067      0.89904  12.18s
199     0.03703     0.37877    0.09777      0.89904  12.21s
200     0.04286     0.37084    0.11559      0.90385  12.18s
201     0.04256     0.38865    0.10950      0.90144  12.17s
202     0.03324     0.36852    0.09020      0.89904  12.16s
203     0.04005     0.37691    0.10627      0.89663  11.91s
204     0.03398     0.40451    0.08399      0.90385  11.90s
205     0.02854     0.38666    0.07382      0.90144  11.92s
206     0.02800     0.44616    0.06275      0.89904  11.86s
207     0.03509     0.35835    0.09793      0.90385  12.15s
208     0.03960     0.40266    0.09836      0.90144  12.17s
209     0.04075     0.35773    0.11392      0.90625  12.26s
210     0.03860     0.39735    0.09714      0.90144  12.18s
211     0.02842     0.38405    0.07400      0.90144  12.16s
212     0.02935     0.37738    0.07778      0.90144  12.18s
213     0.03352     0.44269    0.07573      0.90385  12.22s
214     0.02552     0.39497    0.06462      0.90144  12.18s
215     0.02325     0.40357    0.05760      0.90144  12.20s
216     0.02734     0.42200    0.06478      0.90144  12.19s
217     0.02452     0.38329    0.06397      0.90144  12.19s
218     0.02873     0.38226    0.07517      0.90144  12.18s
219     0.03160     0.39121    0.08078      0.89904  12.21s
220     0.02609     0.36898    0.07072      0.90865  12.15s
221     0.02767     0.41976    0.06592      0.90144  12.22s
222     0.02080     0.39489    0.05268      0.89904  12.22s
223     0.02571     0.38358    0.06703      0.90385  12.15s
224     0.02858     0.43532    0.06566      0.90144  12.23s
225     0.02554     0.40315    0.06334      0.90144  12.19s
226     0.02646     0.41401    0.06392      0.90144  12.20s
227     0.02176     0.41829    0.05201      0.89663  12.21s
228     0.02467     0.40727    0.06058      0.90144  12.21s
229     0.02177     0.44468    0.04895      0.89904  12.20s
230     0.02907     0.43738    0.06647      0.89904  12.24s
231     0.02339     0.46413    0.05039      0.89904  12.21s
232     0.01722     0.41609    0.04139      0.90144  12.19s
233     0.02249     0.39362    0.05714      0.90144  12.20s
234     0.02029     0.47598    0.04263      0.89904  12.31s
235     0.02356     0.42470    0.05548      0.90144  12.25s
236     0.02091     0.39146    0.05342      0.90144  12.22s
237     0.01761     0.42859    0.04108      0.90385  12.23s
238     0.01684     0.39105    0.04306      0.90144  12.22s
239     0.01867     0.43231    0.04320      0.90385  12.28s
240     0.01885     0.38114    0.04945      0.90385  12.23s
241     0.02008     0.44275    0.04536      0.90385  12.22s
242     0.02087     0.43548    0.04793      0.90385  12.24s
243     0.01904     0.46796    0.04068      0.90385  12.24s
244     0.01826     0.48158    0.03793      0.90144  12.29s
245     0.01542     0.43429    0.03550      0.90385  12.24s
246     0.01770     0.39279    0.04505      0.89663  12.26s
247     0.01678     0.42587    0.03940      0.90385  12.23s
248     0.01402     0.41597    0.03371      0.90385  12.26s
249     0.02256     0.41746    0.05404      0.90865  12.29s
250     0.01933     0.47996    0.04028      0.90144  12.21s
251     0.01687     0.41039    0.04111      0.89904  12.21s
252     0.01846     0.41722    0.04424      0.90144  12.23s
253     0.01499     0.40707    0.03682      0.90625  12.23s
254     0.01670     0.44373    0.03763      0.90385  12.18s
255     0.02051     0.41791    0.04908      0.89904  12.22s
256     0.01639     0.47234    0.03470      0.90385  12.23s
257     0.01549     0.42112    0.03678      0.89663  12.24s
258     0.01448     0.39233    0.03692      0.89904  12.25s
259     0.01727     0.41903    0.04122      0.90144  12.23s
260     0.02178     0.45202    0.04819      0.90144  12.19s
261     0.01766     0.37892    0.04661      0.90385  12.24s
262     0.05012     0.40800    0.12285      0.90625  12.21s
263     0.02252     0.44364    0.05076      0.90385  12.24s
264     0.01841     0.46519    0.03957      0.90385  12.20s
265     0.01576     0.43044    0.03662      0.89904  12.20s
266     0.01778     0.45466    0.03911      0.90385  12.19s
267     0.01298     0.42240    0.03073      0.90385  12.19s
268     0.01277     0.46742    0.02733      0.90385  12.23s
269     0.01391     0.45551    0.03054      0.90144  12.21s
270     0.01473     0.47174    0.03122      0.90385  12.22s
271     0.00989     0.48129    0.02055      0.90144  12.16s
272     0.01289     0.40610    0.03175      0.89423  12.31s
273     0.01103     0.45108    0.02445      0.90385  12.33s
274     0.01345     0.46174    0.02913      0.89904  12.27s
275     0.01330     0.42618    0.03121      0.89904  12.33s
276     0.01351     0.49012    0.02757      0.90385  12.26s
277     0.01117     0.43141    0.02589      0.90144  12.32s
278     0.01196     0.42427    0.02818      0.89904  12.30s
279     0.00959     0.42606    0.02252      0.90625  12.29s
280     0.01059     0.44191    0.02396      0.90385  12.24s
281     0.01320     0.43698    0.03022      0.89904  12.29s
282     0.00832     0.44273    0.01880      0.90385  12.23s
283     0.01156     0.43125    0.02681      0.89663  12.32s
284     0.00845     0.45527    0.01855      0.90144  12.25s
285     0.00804     0.46182    0.01742      0.90144  12.31s
286     0.01166     0.44840    0.02601      0.89904  12.28s
287     0.01038     0.46752    0.02219      0.90385  12.31s
288     0.00822     0.46133    0.01782      0.90385  12.27s
289     0.01250     0.49523    0.02525      0.90385  12.29s
290     0.01045     0.47087    0.02220      0.90144  12.25s
291     0.01263     0.47218    0.02675      0.90144  12.30s
292     0.01432     0.45138    0.03172      0.90385  12.25s
293     0.01280     0.40771    0.03139      0.90144  12.32s
294     0.01185     0.45273    0.02617      0.90385  12.27s
295     0.00948     0.47615    0.01991      0.90144  12.35s
296     0.00896     0.44753    0.02001      0.90385  12.25s
297     0.00972     0.45976    0.02113      0.90144  12.31s
298     0.01204     0.46009    0.02617      0.89663  12.30s
299     0.00799     0.45513    0.01755      0.90385  12.33s
300     0.00918     0.50022    0.01836      0.90144  12.29s
301     0.01413     0.46092    0.03065      0.90385  12.32s
302     0.01091     0.49488    0.02205      0.90385  12.29s
303     0.01110     0.43373    0.02560      0.90144  12.29s
304     0.00861     0.41561    0.02073      0.90144  12.24s
305     0.01020     0.42579    0.02396      0.89904  12.27s
306     0.01207     0.42939    0.02811      0.89904  12.34s
307     0.00806     0.44302    0.01820      0.90385  12.36s
308     0.00820     0.40205    0.02039      0.90625  12.30s
309     0.00767     0.42823    0.01791      0.90385  12.31s
310     0.01153     0.42987    0.02682      0.90625  12.31s
311     0.01200     0.44972    0.02668      0.90385  12.31s
312     0.00846     0.44973    0.01881      0.90385  12.39s
313     0.01015     0.50100    0.02026      0.90144  12.31s
314     0.00981     0.44853    0.02188      0.90865  12.22s
315     0.00803     0.43815    0.01833      0.90385  12.29s
316     0.00892     0.47919    0.01862      0.90385  12.28s
317     0.01059     0.47658    0.02223      0.90144  12.42s
318     0.01148     0.48749    0.02356      0.89904  12.26s
319     0.00788     0.47414    0.01662      0.90144  12.32s
320     0.00848     0.44934    0.01888      0.90385  12.30s
321     0.00854     0.43351    0.01969      0.90144  12.37s
322     0.00709     0.46293    0.01532      0.89663  12.32s
323     0.00635     0.50424    0.01259      0.90144  12.38s
324     0.00719     0.48247    0.01489      0.90144  12.29s
325     0.01227     0.43823    0.02800      0.89663  12.31s
326     0.00877     0.45029    0.01948      0.90385  12.23s
327     0.00823     0.44312    0.01857      0.90625  12.36s
328     0.00749     0.43772    0.01711      0.90385  12.32s
329     0.00793     0.41525    0.01910      0.90865  12.30s
330     0.00637     0.43803    0.01455      0.90385  12.28s
331     0.00529     0.47135    0.01122      0.90385  12.35s
332     0.00614     0.43824    0.01401      0.90385  12.33s
333     0.00579     0.47676    0.01215      0.89904  12.34s
334     0.00646     0.46694    0.01383      0.90144  12.23s
335     0.00627     0.42452    0.01477      0.90625  12.36s
336     0.00739     0.50265    0.01471      0.90144  12.35s
337     0.00896     0.46281    0.01936      0.89904  12.63s
338     0.00804     0.44324    0.01813      0.89904  12.27s
339     0.00781     0.48874    0.01599      0.89663  12.31s
340     0.01017     0.48354    0.02102      0.90625  12.22s
341     0.00592     0.42532    0.01392      0.90144  12.41s
342     0.00908     0.40914    0.02219      0.90865  12.29s
343     0.00940     0.41206    0.02282      0.90144  12.37s
344     0.00581     0.40364    0.01438      0.90625  12.27s
345     0.00687     0.46196    0.01487      0.90625  12.32s
346     0.00813     0.45060    0.01805      0.90625  12.27s
347     0.00431     0.44336    0.00972      0.90385  12.29s
348     0.00589     0.50425    0.01169      0.90144  12.25s
349     0.00742     0.45620    0.01627      0.90625  12.29s
350     0.00945     0.45528    0.02076      0.90625  12.39s
351     0.02414     0.39071    0.06177      0.91587  12.40s
352     0.01607     0.44418    0.03617      0.89663  12.26s
353     0.00770     0.45590    0.01689      0.91106  12.28s
354     0.00713     0.41991    0.01698      0.90144  12.32s
355     0.00616     0.42470    0.01450      0.90625  12.30s
356     0.00636     0.41102    0.01548      0.90625  12.27s
357     0.00536     0.49044    0.01094      0.90385  12.26s
358     0.00522     0.46228    0.01129      0.90865  12.26s
359     0.00760     0.45802    0.01659      0.90865  12.32s
360     0.00996     0.41002    0.02429      0.90385  12.23s
361     0.00650     0.42549    0.01528      0.91587  12.39s
362     0.00508     0.45764    0.01109      0.90144  12.27s
363     0.00622     0.48650    0.01278      0.90385  12.25s
364     0.00417     0.46534    0.00897      0.90865  12.29s
365     0.00605     0.45899    0.01318      0.90385  12.32s
366     0.00510     0.45275    0.01127      0.90385  12.29s
367     0.00563     0.45702    0.01232      0.90625  12.45s
368     0.00433     0.44257    0.00978      0.90865  12.31s
369     0.00441     0.49538    0.00889      0.90385  12.35s
370     0.00333     0.49507    0.00673      0.90385  12.36s
371     0.00441     0.49689    0.00888      0.90385  12.38s
372     0.00465     0.47297    0.00983      0.90625  12.34s
373     0.00583     0.47280    0.01233      0.90385  12.31s
374     0.00421     0.48947    0.00860      0.90385  12.37s
375     0.00380     0.46680    0.00815      0.90625  12.39s
376     0.00533     0.44222    0.01206      0.89904  12.45s
377     0.00730     0.44662    0.01635      0.90625  12.33s
378     0.00670     0.43447    0.01541      0.90625  12.24s
379     0.00553     0.49637    0.01113      0.90385  12.37s
380     0.00361     0.48448    0.00744      0.90385  12.38s
381     0.00419     0.44504    0.00941      0.90385  12.29s
382     0.00375     0.48457    0.00774      0.90385  12.23s
383     0.00348     0.46563    0.00748      0.90385  12.43s
384     0.00493     0.50014    0.00986      0.90385  12.27s
385     0.00422     0.45823    0.00920      0.90865  12.49s
386     0.00447     0.47768    0.00936      0.90865  12.30s
387     0.00405     0.44308    0.00914      0.90625  12.36s
388     0.00441     0.50275    0.00877      0.90625  12.31s
389     0.00504     0.44950    0.01121      0.89904  12.31s
390     0.00770     0.43794    0.01757      0.90625  12.28s
391     0.00500     0.46527    0.01074      0.90625  12.29s
392     0.00520     0.47511    0.01095      0.90385  12.39s
393     0.00612     0.49928    0.01227      0.90385  12.30s
394     0.00440     0.48884    0.00900      0.90385  12.55s
395     0.00335     0.49019    0.00684      0.90625  12.41s
396     0.00427     0.48359    0.00882      0.89904  12.31s
397     0.00409     0.50943    0.00803      0.90625  12.28s
398     0.00380     0.48903    0.00778      0.90144  12.31s
399     0.00430     0.46437    0.00925      0.90625  12.37s
400     0.00260     0.51802    0.00502      0.90625  12.33s

