100008
100023
100053
100078
100090
100122
100123
100128
100134
100143
100150
100157
100187
100204
100237
100259
100263
100288
100295
100322
100335
100367
100380
100382
100383
100402
100428
100434
100444
100445
100458
100474
100479
100506
100513
100520
100541
100561
100571
100601
100623
100672
100673
100724
100727
100730
100740
100744
100765
100774
100801
100813
100821
100822
100836
100852
100859
100861
100867
100887
100894
100938
100951
100986
101007
101061
101074
101092
101127
101133
101135
101140
101151
101164
101166
101181
101232
101239
101244
101246
101247
101251
101275
101283
101286
101290
101291
101296
101298
101306
101307
101315
101324
101325
101355
101358
101371
101374
101375
101427
101469
101493
101501
101502
101518
101538
101548
101549
101563
101564
101572
101589
101591
101595
101597
101599
101623
101627
101651
101654
101660
101666
101685
101695
101701
101718
101754
101756
101762
101774
101787
101788
101798
101804
101807
101816
101848
101854
101858
101875
101893
101941
101943
101955
101971
101980
101991
101995
101997
102000
102015
102021
102027
102040
102046
102047
102113
102115
102159
102174
102176
102182
102243
102260
102271
102295
102328
102347
102371
102391
102402
102406
102407
102422
102433
102471
102474
102481
102513
102556
102595
102602
102616
102642
102649
102657
102699
102701
102729
102731
102735
102742
102743
102765
102770
102799
102804
102808
102812
102822
102834
102839
102843
102863
102871
102874
102919
102928
102933
102964
102974
102977
102982
102990
102998
103019
103037
103040
103072
103075
103132
103159
103167
103191
103224
103233
103246
103255
103260
103318
103323
103348
103353
103354
103356
103373
103386
103393
103444
103445
103491
103500
103503
103520
103523
103533
103547
103561
103577
103592
103610
103626
103645
103646
103707
103718
103731
103750
103751
103754
103758
103769
103787
103818
103819
103824
103882
103900
103902
103904
103907
103950
103955
103974
103979
103999
104001
104008
104020
104040
104041
104096
104110
104131
104141
104143
104159
104173
104196
104212
104216
104222
104234
104243
104253
104267
104268
104279
104281
104287
104310
104314
104317
104354
104365
104387
104389
104398
104414
104420
104422
104440
104460
104478
104516
104536
104540
104589
104602
104608
104610
104611
104612
104624
104703
104709
104721
104723
104751
104764
104769
104784
104788
104819
104830
104920
104929
104934
104962
104977
104988
104991
105009
105014
105020
105028
105056
105069
105070
105082
105088
105092
105117
105165
105201
105216
105218
105221
105257
105258
105279
105314
105331
105334
105354
105364
105365
105381
105417
105447
105459
105497
105500
105507
105513
105529
105539
105541
105572
105576
105581
105613
105631
105648
105653
105700
105743
105755
105757
105758
105762
105764
105772
105774
105787
105797
105846
105868
105870
105879
105881
105900
105902
105925
105940
105973
105983
105984
105986
105991
106000
106018
106028
106039
106040
106044
106049
106059
106079
106105
106124
106147
106165
106170
106176
106199
106205
106206
106230
106263
106275
106298
106355
106357
106388
106390
106409
106429
106432
106463
106471
106499
106514
106544
106612
106621
106646
106652
106664
106670
106689
106694
106705
106725
106739
106749
106773
106777
106781
106784
106788
106800
106803
106812
106819
106829
106841
106882
106885
106886
106896
106919
106923
106931
106944
106973
106986
107012
107019
107055
107064
107084
107106
107117
107143
107159
107193
107197
107202
107229
107231
107261
107268
107272
107290
107298
107314
107355
107374
107379
107383
107388
107394
107403
107406
107415
107422
107434
107435
107454
107461
107466
107480
107496
107510
107517
107521
107524
107527
107539
107553
107555
107559
107560
107562
107563
107573
107576
107583
107593
107597
107606
107608
107610
107613
107616
107619
107627
107629
107631
107660
107688
107692
107709
107720
107736
107745
107747
107794
107810
107823
107828
107831
107849
107859
107888
107943
107946
107951
107954
107961
107966
107967
107972
107975
107985
107987
108012
108017
108038
108041
108051
108066
108088
108103
108105
108111
108146
108160
108182
108195
108207
108225
108251
108272
108305
108326
108481
108497
108507
108545
108551
108574
108580
108584
108601
108608
108624
108642
108645
108649
108661
108672
108692
108715
108717
108742
108757
108764
108772
108779
108786
108914
108917
108920
108928
108929
108947
108952
108959
108961
108979
108985
108988
108991
108994
109011
109033
109074
109083
109096
109098
109112
109124
109127
109132
109135
109155
109180
109215
109255
109266
109282
109292
109330
109333
109360
109361
109366
109380
109402
109404
109414
109422
109449
109509
109529
109568
109595
109623
109629
109630
109682
109688
109699
109715
109718
109727
109740
109744
109750
109772
109780
109827
109868
109879
109885
109888
109946
109977
110034
110063
110074
110076
110109
110118
110121
110129
110139
110149
110178
110195
110217
110250
110285
110306
110313
110339
110348
110349
110364
110370
110375
110384
110388
110389
110404
110411
110429
110465
110466
110480
110521
110528
110538
110566
110596
110619
110633
110636
110676
110678
110695
110707
110710
110713
110719
110746
110763
110789
110805
110808
110821
110837
110844
110858
110887
110923
110964
110966
111022
111038
111121
111123
111125
111141
111142
111149
111175
111182
111207
111223
111240
111245
111259
111266
111274
111286
111298
111302
111305
111312
111383
111398
111399
111411
111417
111428
111481
111484
111491
111499
111514
111534
111552
111553
111597
111615
111622
111658
111660
111667
111681
111715
111716
111725
111727
111743
111753
111770
111775
111791
111792
111793
111799
111804
111834
111839
111858
111879
111882
111883
111910
111924
111937
111979
111980
112016
112017
112034
112072
112119
112122
112125
112135
112148
112167
112177
112188
112196
112229
112245
112254
112259
112263
112282
112311
112314
112345
112359
112404
112420
112438
112444
112479
112512
112518
112527
112536
112538
112574
112586
112592
112623
112627
112628
112665
112674
112678
112698
112700
112726
112764
112769
112814
112819
112824
112826
112835
112841
112843
112846
112873
112918
112964
112965
112988
112997
113072
113102
113118
113142
113149
113166
113168
113196
113267
113271
113279
113284
113289
113303
113305
113317
113322
113373
113394
113402
113417
113418
113420
113436
113444
113452
113457
113470
113475
113477
113483
113509
113510
113512
113516
113518
113539
113553
113556
113566
113567
113608
113609
113617
113622
113641
113655
113672
113692
113746
113761
113766
113779
113813
113823
113828
113845
113857
113858
113903
113913
113940
113944
113951
113965
113971
113975
113987
113992
113999
114000
114026
114029
114046
114059
114080
114117
114173
114190
114191
114207
114236
114240
114256
114271
114289
114294
114305
114319
114329
114337
114354
114433
114435
114457
114462
114464
114502
114517
114550
114570
114586
114587
114588
114600
114602
114620
114642
114650
114654
114658
114682
114688
114695
114696
114741
114772
114815
114863
114893
114896
114898
114957
114965
114966
114993
115031
115033
115042
115051
115073
115091
115094
115102
115106
115109
115114
115126
115132
115143
115163
115191
115235
115247
115255
115272
115275
115299
115304
115314
115330
115339
115357
115368
115384
115385
115389
115390
115399
115402
115426
115430
115449
115450
115490
115506
115515
115525
115526
115535
115541
115545
115560
115571
115587
115597
115617
115659
115662
115675
115716
115718
115736
115753
115766
115777
115787
115815
115818
115824
115838
115840
115845
115854
115858
115869
115870
115883
115886
115891
115905
115918
115938
115942
115953
116011
116043
116044
116045
116061
116064
116118
116140
116195
116201
116208
116210
116214
116228
116239
116249
116265
116291
116306
116328
116386
116417
116422
116429
116435
116455
116517
116518
116524
116527
116542
116551
116557
116565
116582
116596
116614
116620
116638
116667
116669
116692
116695
116719
116723
116724
116751
116779
116780
116794
116815
116817
116832
116844
116857
116873
116879
116886
116896
116914
116927
116946
116958
116964
116979
116998
117017
117045
117068
117085
117090
117100
117104
117135
117158
117164
117177
117192
117205
117206
117214
117216
117217
117228
117235
117240
117265
117267
117268
117300
117319
117361
117413
117424
117440
117492
117494
117503
117510
117520
117528
117541
117576
117587
117597
117598
117605
117621
117623
117627
117641
117647
117674
117722
117730
117743
117764
117767
117775
117805
117813
117833
117853
117858
117895
117908
117909
117915
117921
117929
117934
117996
118013
118015
118044
118048
118063
118074
118085
118119
118140
118141
118150
118161
118163
118184
118188
118199
118223
118260
118323
118337
118348
118382
118409
118452
118476
118493
118506
118539
118590
118599
118638
118644
118650
118685
118700
118702
118712
118714
118723
118767
118777
118811
118831
118856
118868
118877
118893
118935
118941
118944
118947
118949
118971
118993
119009
119010
119014
119037
119045
119061
119074
119147
119150
119186
119229
119239
119240
119249
119250
119256
119262
119277
119280
119314
119321
119334
119358
119366
119373
119383
119384
119397
119398
119417
119425
119454
119459
119471
119498
119501
119536
119537
119554
119573
119579
119599
119644
119666
119670
119675
119691
119693
119695
119699
119718
119719
119720
119729
119740
119743
119766
119773
119774
119777
119798
119816
119831
119864
119876
119889
119909
119910
119921
119941
119967
119990
120006
120027
120036
120042
120051
120062
120084
120107
120112
120127
120158
120179
120187
120191
120193
120197
120201
120214
120219
120223
120228
120231
120250
120258
120259
120260
120305
120307
120314
120316
120333
120337
120354
120374
120383
120384
120387
120426
120433
120438
120440
120447
120535
120548
120566
120586
120629
120632
120641
120648
120659
120676
120697
120716
120763
120774
120776
120782
120847
120858
120868
120891
120915
120918
120923
120925
120941
120998
121006
121008
121016
121031
121044
121048
121059
121067
121068
121085
121088
121128
121129
121133
121147
121164
121167
121177
121178
121184
121190
121195
121196
121250
121257
121262
121267
121272
121276
121287
121319
121346
121371
121378
121394
121410
121413
121438
121459
121462
121473
121527
121538
121552
121558
121567
121577
121590
121592
121611
121621
121625
121637
121645
121670
121694
121705
121713
121727
121746
121768
121769
121774
121801
121811
121831
121835
121875
121899
121902
121916
121944
121946
121960
121973
122003
122020
122042
122052
122068
122073
122093
122099
122109
122131
122152
122158
122176
122214
122221
122225
122226
122240
122245
122265
122278
122292
122293
122294
122295
122296
122298
122307
122362
122371
122402
122415
122444
122445
122469
122477
122479
122525
122527
122566
122601
122608
122634
122654
122672
122674
122694
122705
122715
122717
122721
122753
122754
122804
122818
122832
122855
122870
122877
122907
122909
122933
122946
122960
122965
122995
123024
123036
123039
123059
123067
123093
123103
123118
123133
123139
123141
123156
123173
123192
123199
123200
123203
123204
123205
123207
123243
123282
123294
123308
123310
123337
123344
123349
123381
123382
123383
123387
123411
123412
123416
123420
123433
123440
123470
123475
123486
123498
123517
123540
123564
123582
123628
123647
123648
123670
123678
123679
123692
123694
123695
123700
123713
123750
123770
123772
123792
123810
123811
123858
123871
123878
123897
123906
123933
123938
123980
123981
124019
124022
124050
124057
124059
124070
124076
124079
124175
124200
124206
124208
124210
124214
124265
124273
124299
124305
124307
124315
124337
124342
124375
124424
124425
124434
124443
124455
124472
124477
124483
124491
124494
124499
124516
124519
124548
124549
124578
124625
124641
124648
124649
124650
124679
124694
124714
124723
124733
124770
124782
124816
124824
124854
124862
124877
124882
124908
124943
124970
124977
124981
124991
124994
125006
125011
125040
125063
125108
125118
125119
125123
125129
125151
125158
125188
125199
125209
125277
125304
125327
125328
125352
125358
125393
125422
125439
125460
125475
125507
125525
125537
125576
125577
125597
125616
125620
125627
125664
125667
125672
125675
125678
125683
125686
125687
125719
125739
125740
125746
125755
125756
125760
125770
125787
125797
125798
125828
125860
125861
125912
125934
125948
125960
125973
125975
125983
126041
126050
126077
126085
126088
126131
126132
126143
126151
126153
126154
126202
126234
126256
126260
126265
126279
126282
126304
126321
126338
126364
126382
126386
126391
126406
126427
126435
126438
126459
126471
126475
126486
126502
126510
126540
126547
126549
126581
126625
126638
126643
126649
126656
126663
126694
126696
126719
126740
126759
126760
126764
126783
126800
126804
126827
126841
126845
126847
126856
126857
126864
126885
126923
126929
126961
127027
127031
127052
127057
127059
127082
127163
127197
127210
127231
127297
127317
127333
127354
127360
127368
127380
127382
127386
127417
127418
127423
127441
127444
127458
127465
127467
127487
127494
127498
127502
127511
127517
127530
127546
127552
127566
127574
127590
127627
127630
127667
127669
127687
127698
127730
127783
127788
127793
127795
127817
127857
127872
127887
127897
127901
127918
127934
127935
127937
127950
127951
127970
128004
128027
128031
128068
128069
128079
128102
128110
128128
128130
128132
128137
128147
128202
128216
128220
128240
128271
128277
128284
128285
128316
128341
128343
128345
128357
128380
128385
128389
128396
128411
128417
128434
128439
128470
128485
128496
128499
128519
128544
128563
128575
128615
128619
128625
128646
128650
128664
128703
128707
128720
128724
128745
128749
128762
128799
128814
128815
128826
128832
128864
128919
128929
128936
128947
128978
128998
129013
129036
129042
129043
129068
129093
129102
129117
129124
129146
129149
129160
129168
129170
129173
129175
129185
129187
129191
129195
129199
129202
129207
129209
129211
129221
129225
129248
129251
129277
129359
129362
129365
129376
129433
129439
129456
129458
129480
129483
129486
129488
129501
129510
129556
129560
129570
129594
129605
129609
129622
129626
129637
129665
129721
129777
129780
129809
129852
129869
129883
129932
129935
129937
129939
129951
129993
130002
130026
130049
130055
130071
130077
130097
130110
130136
130157
130160
130207
130226
130241
130244
130278
130285
130303
130313
130334
130343
130344
130355
130356
130394
130396
130397
130403
130407
130424
130426
130440
130450
130454
130456
130460
130475
130499
130520
130532
130553
130558
130565
130567
130574
130580
130624
130649
130710
130719
130723
130737
130741
130743
130745
130759
130760
130768
130781
130790
130803
130819
130826
130853
130858
130861
130868
130888
130908
130946
130963
130969
130971
130972
130973
130979
130996
131009
131010
131021
131030
131049
131051
131054
131063
131064
131103
131138
131164
131172
131184
131189
131208
131211
131221
131245
131246
131260
131278
131293
131312
131315
131322
131323
131359
131373
131374
131376
131395
131410
131435
131452
131465
131473
131500
131504
131520
131521
131525
131540
131585
131596
131603
131624
131635
131657
131670
131744
131745
131747
131807
131821
131843
131848
131855
131874
131875
131880
131903
131905
131934
131939
131999
132003
132021
132038
132062
132121
132127
132139
132147
132153
132171
132172
132175
132188
132209
132234
132247
132250
132267
132280
132305
132321
132333
132342
132350
132353
132382
132400
132413
132416
132419
132423
132439
132448
132456
132457
132473
132481
132502
132535
132551
132573
132589
132612
132623
132626
132631
132636
132639
132640
132647
132658
132709
132714
132732
132746
132754
132767
132781
132782
132788
132802
132803
132813
132814
132825
132829
132837
132856
132884
132907
132919
132938
132957
132969
133009
133023
133036
133100
133108
133161
133166
133178
133206
133231
133256
133282
133287
133289
133307
133355
133380
133395
133435
133451
133499
133503
133531
133542
133558
133596
133616
133626
133637
133639
133654
133665
133669
133675
133711
133734
133755
133766
133779
133824
133854
133862
133870
133941
133985
133994
134055
134068
134087
134155
134170
134179
134184
134191
134211
134231
134234
134266
134270
134277
134282
134285
134289
134347
134363
134364
134368
134398
134412
134415
134424
134425
134431
134450
134456
134463
134468
134470
134516
134549
134556
134568
134569
134573
134600
134604
134618
134624
134631
134638
134640
134644
134646
134661
134676
134681
134688
134703
134718
134736
134742
134798
134817
134843
134877
134880
134882
134899
134903
134915
134922
134947
134970
134981
134986
134993
135020
135030
135033
135039
135043
135059
135066
135077
135082
135093
135095
135102
135134
135135
135163
135172
135173
135174
135184
135187
135191
135208
135223
135256
135258
135295
135299
135311
135336
135337
135338
135351
135352
135353
135359
135363
135416
135417
135440
135441
135449
135453
135456
135494
135499
135524
135536
135541
135588
135596
135616
135640
135648
135676
135705
135714
135717
135730
135734
135766
135779
135809
135810
135820
135828
135831
135842
135868
135873
135890
135901
135902
135924
135972
135980
136005
136022
136039
136072
136093
136109
136166
136167
136211
136233
136247
136255
136261
136264
136289
136317
136370
136382
136385
136387
136401
136414
136418
136420
136439
136441
136454
136466
136491
136494
136539
136544
136565
136569
136581
136592
136594
136661
136666
136667
136695
136729
136731
136748
136756
136771
136790
136821
136823
136827
136843
136851
136877
136885
136899
136908
136929
136937
136972
136991
136993
137015
137040
137043
137052
137122
137134
137135
137150
137172
137179
137192
137197
137212
137237
137253
137272
137342
137349
137350
137352
137376
137384
137386
137390
137405
137412
137435
137453
137473
137487
137493
137504
137513
137522
137555
137556
137578
137582
137585
137587
137631
137640
137644
137653
137693
137709
137712
137722
137732
137749
137751
137778
137783
137787
137809
137813
137827
137841
137845
137862
137887
137898
137901
137957
137969
137973
137980
138027
138098
138121
138137
138164
138170
138189
138200
138204
138215
138217
138236
138238
138251
138287
138290
138306
138339
138341
138348
138351
138352
138360
138366
138392
138436
138452
138455
138481
138490
138494
138514
138528
138532
138534
138539
138551
138561
138564
138565
138598
138610
138616
138632
138636
138668
138670
138685
138689
138725
138739
138769
138772
138815
138816
138818
138823
138830
138859
138869
138883
138893
138895
138899
138916
138943
138962
138980
139006
139008
139015
139038
139040
139046
139077
139099
139109
139143
139144
139152
139153
139162
139169
139191
139202
139205
139220
139266
139269
139275
139303
139313
139315
139317
139325
139336
139352
139354
139355
139375
139391
139395
139416
139432
139433
139444
139447
139471
139480
139523
139540
139547
139554
139556
139581
139594
139596
139626
139635
139650
139665
139668
139670
139672
139679
139688
139692
139711
139712
139725
139758
139775
139793
139821
139823
139862
139863
139900
139901
139919
139923
139932
139937
139940
139955
140000
140010
140012
140023
140054
140063
140070
140081
140084
140146
140154
140163
140167
140176
140185
140197
140206
140211
140218
140222
140225
140239
140246
140254
140278
140289
140317
140329
140359
140398
140402
140413
140453
140466
140489
140496
140529
140530
140533
140552
140558
140576
140597
140614
140618
140631
140661
140673
140695
140710
140714
140730
140740
140764
140768
140776
140829
140849
140876
140897
140949
140957
141069
141077
141084
141110
141131
141148
141149
141152
141162
141171
141186
141226
141235
141268
141282
141319
141331
141332
141333
141381
141392
141489
141491
141511
141525
141563
141567
141586
141593
141604
141605
141622
141629
141634
141651
141652
141671
141677
141711
141714
141722
141731
141733
141746
141751
141789
141797
141844
141901
141925
141930
141948
141957
141962
141966
141973
142008
142014
142031
142039
142148
142172
142202
142219
142221
142257
142259
142267
142274
142281
142290
142291
142331
142367
142370
142375
142379
142394
142404
142450
142474
142480
142508
142523
142534
142581
142621
142664
142694
142719
142724
142745
142759
142773
142797
142803
142829
142834
142847
142863
142872
142899
142903
142905
142918
142932
142992
142993
143029
143038
143056
143091
143103
143120
143148
143156
143159
143160
143163
143171
143187
143189
143193
143196
143205
143206
143271
143272
143307
143316
143333
143341
143350
143358
143377
143391
143402
143414
143422
143425
143438
143441
143447
143454
143485
143509
143531
143541
143546
143582
143612
143636
143666
143677
143726
143730
143762
143772
143776
143789
143798
143817
143858
143863
143868
143877
143884
143898
143928
143934
143962
143974
143976
143984
143992
143996
144007
144010
144012
144058
144077
144078
144084
144088
144110
144129
144141
144146
144152
144158
144173
144195
144201
144225
144231
144237
144241
144264
144265
144301
144303
144307
144324
144368
144383
144433
144438
144447
144449
144475
144493
144558
144560
144593
144597
144603
144704
144707
144719
144731
144732
144740
144741
144756
144770
144795
144797
144810
144816
144838
144866
144881
144885
144927
144933
144958
144961
144997
145003
145005
145008
145016
145030
145035
145073
145094
145104
145106
145144
145145
145154
145177
145183
145197
145198
145206
145215
145248
145282
145289
145298
145326
145332
145337
145342
145354
145375
145393
145436
145443
145452
145453
145470
145502
145531
145549
145550
145571
145586
145598
145599
145608
145672
145679
145695
145705
145740
145741
145743
145776
145781
145793
145813
145818
145831
145832
145835
145850
145868
145875
145879
145898
145916
145922
145935
145951
145963
145969
145973
145975
145976
146016
146019
146029
146033
146049
146060
146074
146122
146133
146135
146136
146148
146179
146201
146204
146206
146223
146233
146256
146294
146316
146334
146348
146357
146376
146425
146437
146445
146513
146528
146554
146584
146594
146601
146640
146645
146650
146687
146691
146697
146719
146741
146743
146762
146764
146808
146818
146846
146866
146899
146903
146907
146929
146936
146952
146968
147019
147022
147040
147046
147063
147081
147082
147111
147122
147133
147152
147153
147159
147167
147204
147211
147218
147230
147232
147244
147261
147273
147303
147305
147319
147328
147340
147359
147362
147384
147413
147427
147441
147444
147455
147459
147466
147489
147503
147525
147532
147539
147546
147549
147596
147619
147627
147631
147670
147673
147701
147706
147715
147718
147748
147766
147786
147800
147811
147826
147844
147845
147864
147924
147930
147943
147951
147969
147971
147972
147991
148009
148038
148051
148072
148077
148088
148106
148113
148122
148178
148196
148223
148230
148247
148253
148254
148257
148261
148274
148280
148298
148319
148325
148329
148338
148342
148355
148358
148374
148381
148461
148487
148529
148570
148575
148611
148620
148653
148702
148729
148734
148744
148766
148771
148776
148795
148805
148814
148826
148856
148859
148862
148863
148864
148881
148911
148926
148937
148962
148968
148971
148990
149081
149103
149112
149119
149141
149143
149151
149163
149188
149207
149213
149222
149224
149227
149229
149246
149254
149271
149280
149281
149294
149302
149321
149323
149324
149326
149330
149352
149364
149382
149390
149463
149483
149497
149509
149514
149516
149527
149536
149547
149572
149577
149603
149627
149658
149659
149666
149704
149722
149771
149775
149785
149797
149798
149800
149806
149812
149841
149870
149874
149881
149922
149936
149938
149967
149983
149988
149992
150004
150021
150022
150038
150071
150078
150081
150082
150124
150138
150148
150162
150164
150177
150182
150190
150195
150199
150274
150307
150325
150333
150343
150347
150353
150358
150370
150374
150389
150399
150402
150472
150477
150480
150491
150493
150499
150500
150529
150545
150563
150582
150590
150604
150618
150623
150645
150662
150670
150681
150683
150717
150731
150746
150749
150764
150776
150785
150793
150798
150803
150841
150846
150870
150893
150911
150916
150933
150942
150954
150967
150981
150984
151026
151039
151068
151079
151082
151109
151118
151122
151180
151212
151220
151221
151224
151252
151263
151285
151296
151306
151323
151326
151329
151332
151345
151356
151361
151380
151410
151417
151438
151455
151465
151516
151531
151545
151546
151556
151561
151564
151577
151581
151582
151588
151596
151599
151601
151622
151639
151641
151655
151659
151663
151672
151678
151685
151686
151687
151688
151695
151741
151742
151748
151752
151758
151776
151787
151805
151808
151819
151845
151851
151884
151891
151931
151937
151943
151953
151955
151965
151996
152041
152050
152058
152063
152112
152129
152141
152177
152179
152209
152219
152224
152282
152289
152297
152299
152313
152318
152368
152406
152439
152459
152461
152463
152470
152472
152487
152494
152500
152528
152532
152535
152539
152543
152567
152575
152592
152597
152611
152630
152647
152681
152706
152711
152721
152733
152804
152809
152814
152844
152853
152889
152927
152932
152955
153016
153037
153059
153076
153089
153102
153113
153117
153119
153131
153132
153194
153197
153202
153214
153243
153247
153258
153303
153351
153363
153378
153381
153389
153405
153412
153423
153427
153436
153443
153463
153482
153492
153497
153523
153582
153587
153593
153603
153647
153666
153680
153689
153709
153719
153742
153751
153755
153761
153767
153792
153808
153831
153842
153855
153858
153888
153898
153904
153933
153942
153963
153988
154002
154009
154015
154021
154040
154064
154067
154073
154101
154138
154139
154172
154185
154222
154228
154232
154238
154268
154309
154319
154322
154334
154352
154367
154396
154402
154406
154409
154426
154427
154505
154515
154521
154538
154549
154564
154604
154618
154619
154628
154640
154642
154669
154726
154731
154753
154765
154771
154801
154805
154813
154816
154822
154824
154847
154854
154862
154875
154885
154896
154900
154914
154923
154956
154967
154975
154983
154986
154994
155000
155036
155041
155074
155077
155093
155096
155158
155169
155188
155197
155223
155240
155242
155251
155310
155346
155348
155350
155357
155374
155379
155382
155386
155393
155446
155463
155483
155486
155496
155527
155530
155564
155582
155614
155631
155649
155650
155662
155672
155702
155719
155743
155746
155769
155810
155812
155816
155829
155865
155902
155906
155925
155958
155973
155991
155994
156023
156038
156044
156053
156057
156109
156116
156119
156124
156146
156149
156159
156196
156200
156206
156209
156214
156218
156227
156239
156246
156250
156265
156281
156283
156291
156300
156308
156321
156322
156339
156341
156355
156360
156363
156396
156422
156463
156478
156493
156513
156519
156525
156541
156585
156588
156615
156650
156654
156674
156698
156701
156726
156739
156748
156756
156788
156791
156798
156806
156813
156819
156825
156860
156879
156944
156968
156978
156979
156980
156995
156997
157009
157023
157038
157040
157048
157050
157059
157067
157106
157130
157133
157134
157136
157161
157167
157222
157224
157234
157238
157247
157278
157280
157309
157311
157312
157372
157374
157375
157382
157414
157416
157420
157443
157451
157476
157484
157498
157525
157530
157536
157596
157603
157617
157621
157622
157660
157717
157726
157734
157736
157738
157779
157794
157798
157815
157818
157822
157835
157837
157852
157861
157899
157902
157909
157919
157926
157950
157953
157974
157982
157989
157993
158016
158085
158098
158112
158119
158138
158152
158193
158199
158226
158247
158267
158283
158286
158298
158340
158360
158369
158375
158387
158392
158414
158434
158450
158457
158481
158486
158490
158497
158512
158520
158538
158548
158551
158575
158617
158626
158637
158650
158651
158678
158707
158709
158720
158756
158767
158787
158798
158839
158885
158888
158900
158905
158912
158918
158924
158950
158969
158972
158998
159015
159017
159053
159058
159066
159070
159071
159078
159080
159094
159111
159137
159144
159167
159169
159174
159211
159242
159263
159299
159327
159369
159372
159391
159432
159446
159458
159468
159478
159483
159485
159501
159521
159552
159556
159563
159568
159575
159599
159610
159630
159632
159633
159649
159679
159683
159697
159698
159714
159717
159754
159759
159771
159781
159796
159803
159804
159809
159810
159820
159823
159832
159833
159846
159847
159862
159874
159880
159896
159900
159949
159959
159962
160009
160030
160058
160091
160100
160108
160115
160116
160144
160152
160157
160161
160162
160172
160187
160204
160222
160227
160244
160261
160282
160285
160290
160302
160309
160321
160345
160385
160395
160411
160415
160422
160426
160430
160439
160489
160503
160566
160571
160578
160588
160609
160613
160623
160630
160693
160701
160708
160720
160722
160730
160757
160764
160773
160804
160807
160809
160815
160832
160848
160851
160852
160859
160862
160870
160896
160899
160900
160901
160904
160920
160921
160934
160936
160937
160962
160963
160964
160966
160999
161030
161031
161041
161048
161053
161060
161074
161087
161090
161106
161149
161152
161166
161178
161215
161216
161230
161232
161243
161248
161253
161256
161270
161276
161279
161289
161295
161300
161313
161323
161347
161349
161372
161379
161385
161407
161421
161433
161435
161446
161459
161485
161494
161508
161520
161522
161524
161537
161538
161541
161542
161583
161588
161618
161631
161632
161650
161651
161656
161682
161709
161731
161735
161764
161783
161784
161786
161798
161799
161803
161812
161834
161835
161845
161858
161860
161884
161891
161901
161930
162015
162041
162048
162052
162090
162116
162131
162141
162153
162173
162195
162196
162204
162210
162212
162233
162234
162242
162249
162255
162287
162301
162319
162328
162332
162334
162345
162348
162372
162376
162380
162389
162421
162438
162455
162469
162498
162506
162538
162557
162562
162565
162571
162573
162589
162608
162627
162640
162655
162691
162702
162707
162708
162727
162731
162740
162752
162756
162769
162809
162813
162829
162832
162843
162860
162864
162893
162911
162916
162926
162938
162950
162974
162975
163002
163008
163023
163026
163028
163046
163047
163078
163121
163153
163160
163167
163168
163209
163210
163221
163252
163256
163284
163288
163299
163311
163323
163352
163361
163429
163435
163443
163445
163454
163458
163462
163477
163489
163528
163537
163541
163545
163552
163558
163584
163606
163618
163623
163654
163668
163697
163698
163699
163702
163726
163745
163753
163755
163756
163761
163772
163795
163809
163823
163839
163861
163895
163972
164005
164007
164016
164053
164055
164059
164088
164089
164097
164105
164194
164198
164199
164210
164217
164226
164254
164257
164277
164433
164450
164489
164492
164494
164513
164515
164521
164530
164546
164547
164550
164564
164569
164588
164609
164620
164645
164678
164688
164705
164730
164747
164760
164774
164776
164785
164786
164812
164823
164824
164826
164828
164832
164836
164862
164903
164918
164992
165004
165015
165083
165086
165087
165098
165125
165128
165129
165131
165140
165165
165169
165174
165192
165193
165216
165226
165227
165251
165253
165279
165288
165305
165326
165330
165338
165341
165342
165354
165356
165364
165383
165389
165390
165408
165416
165426
165432
165449
165533
165571
165572
165576
165588
165612
165614
165625
165645
165665
165688
165725
165742
165747
165766
165772
165813
165815
165824
165838
165857
165873
165884
165894
165916
165924
165952
165968
165983
166003
166006
166007
166020
166036
166037
166062
166068
166101
166124
166152
166164
166224
166231
166250
166254
166262
166276
166289
166300
166303
166317
166323
166337
166347
166352
166361
166381
166388
166402
166426
166453
166462
166470
166485
166507
166523
166538
166559
166578
166587
166592
166600
166601
166614
166640
166646
166672
166711
166712
166728
166743
166755
166762
166775
166785
166786
166816
166827
166859
166905
166908
166936
166938
166961
166973
166975
166977
166980
166981
166989
167004
167027
167029
167074
167080
167086
167093
167095
167102
167104
167259
167266
167284
167288
167305
167311
167317
167344
167352
167367
167387
167416
167424
167426
167455
167460
167476
167493
167507
167518
167529
167551
167567
167573
167574
167608
167609
167613
167641
167659
167674
167695
167700
167716
167725
167728
167770
167776
167782
167786
167793
167801
167831
167856
167857
167864
167887
167902
167917
167935
167951
167959
167962
168009
168057
168064
168073
168082
168097
168116
168133
168158
168190
168191
168197
168198
168217
168225
168252
168261
168266
168273
168280
168282
168299
168348
168367
168384
168395
168425
168436
168471
168472
168474
168481
168490
168491
168523
168533
168558
168559
168561
168564
168614
168615
168631
168640
168653
168655
168656
168657
168690
168695
168702
168724
168733
168749
168750
168769
168795
168825
168858
168872
168907
168910
168921
168971
168982
169023
169072
169079
169089
169113
169125
169129
169144
169150
169162
169171
169180
169190
169214
169244
169280
169290
169298
169307
169309
169311
169333
169340
169363
169366
169370
169371
169380
169391
169394
169404
169407
169469
169492
169504
169505
169507
169512
169522
169526
169530
169554
169559
169651
169660
169663
169679
169695
169716
169728
169740
169744
169755
169758
169760
169764
169775
169788
169790
169792
169810
169821
169833
169850
169897
169906
169924
169927
169964
169987
169996
170012
170018
170056
170070
170075
170093
170106
170119
170130
170144
170168
170173
170208
170210
170224
170254
170259
170278
170286
170296
170324
170340
170373
170396
170415
170444
170517
170549
170565
170579
170583
170599
170606
170629
170633
170637
170644
170648
170658
170659
170676
170687
170725
170735
170744
170755
170760
170771
170774
170789
170801
170825
170841
170855
170858
170916
170925
170947
170954
170968
170975
171012
171016
171031
171055
171098
171110
171113
171118
171120
171129
171131
171154
171161
171164
171173
171178
171192
171198
171238
171250
171296
171301
171355
171366
171368
171372
171406
171429
171435
171436
171447
171451
171459
171463
171487
171499
171535
171555
171558
171562
171573
171597
171613
171617
171620
171627
171644
171645
171654
171658
171659
171661
171662
171674
171697
171738
171744
171766
171801
171804
171808
171869
171904
171955
171971
171979
171998
172013
172017
172034
172044
172055
172070
172075
172145
172148
172156
172226
172259
172275
172276
172278
172287
172306
172329
172348
172349
172350
172353
172356
172377
172396
172407
172411
172420
172421
172422
172444
172450
172460
172476
172477
172480
172485
172491
172508
172518
172519
172524
172533
172538
172541
172550
172616
172620
172625
172626
172649
172659
172661
172677
172678
172685
172693
172704
172709
172715
172718
172725
172743
172760
172764
172792
172805
172820
172845
172852
172857
172869
172879
172881
172912
172919
172928
172932
172936
172968
172984
172991
173007
173015
173026
173031
173051
173082
173107
173108
173127
173134
173136
173137
173145
173160
173161
173176
173185
173192
173197
173198
173213
173221
173233
173235
173236
173248
173251
173254
173255
173272
173286
173300
173317
173351
173355
173373
173382
173383
173388
173392
173409
173428
173439
173443
173477
173485
173504
173506
173542
173567
173585
173586
173610
173634
173635
173637
173648
173702
173713
173747
173756
173765
173777
173779
173822
173833
173837
173860
173863
173911
173912
173924
173964
173965
173966
173991
174004
174012
174019
174037
174038
174051
174055
174059
174060
174068
174075
174077
174096
174102
174105
174124
174126
174129
174157
174184
174188
174193
174214
174245
174264
174285
174317
174318
174337
174338
174354
174378
174391
174395
174409
174414
174422
174437
174440
174444
174462
174490
174543
174550
174555
174589
174635
174658
174667
174668
174669
174672
174708
174709
174719
174741
174767
174781
174806
174828
174834
174841
174852
174860
174863
174864
174891
174904
174914
174915
174930
174959
174962
174990
175001
175024
175044
175091
175100
175124
175144
175145
175164
175165
175174
175175
175178
175192
175197
175198
175200
175205
175217
175227
175237
175250
175254
175260
175272
175303
175307
175314
175356
175374
175379
175433
175442
175480
175507
175524
175537
175551
175567
175602
175604
175668
175690
175699
175708
175714
175725
175742
175749
175754
175756
175761
175765
175783
175812
175827
175842
175855
175859
175862
175866
175888
175894
175899
175909
175912
175917
175930
175937
175962
175995
176036
176068
176095
176101
176103
176111
176119
176126
176168
176185
176207
176210
176213
176220
176249
176251
176293
176297
176298
176303
176322
176335
176355
176385
176405
176407
176408
176409
176412
176422
176434
176438
176443
176461
176479
176499
176540
176553
176562
176576
176583
176590
176605
176613
176633
176639
176649
176687
176710
176729
176748
176756
176783
176789
176797
176804
176815
176864
176871
176873
176879
176918
176920
176954
176959
176981
177016
177049
177056
177074
177085
177106
177119
177144
177161
177194
177215
177222
177256
177263
177265
177281
177307
177315
177324
177327
177330
177342
177390
177392
177394
177406
177408
177413
177425
177446
177491
177506
177513
177517
177529
177575
177585
177599
177620
177629
177637
177639
177648
177663
177708
177737
177746
177749
177755
177787
177788
177789
177795
177807
177833
177847
177857
177859
177861
177873
177900
177917
177939
177960
177988
178005
178013
178019
178024
178026
178028
178031
178043
178044
178046
178054
178057
178071
178093
178106
178117
178122
178134
178136
178172
178173
178196
178261
178271
178276
178305
178358
178391
178400
178410
178422
178434
178451
178454
178456
178478
178520
178531
178564
178583
178601
178631
178633
178644
178653
178673
178685
178693
178701
178738
178747
178748
178752
178757
178767
178814
178864
178882
178888
178895
178909
178910
178917
178928
178942
178944
178945
178948
178976
178992
179003
179016
179044
179049
179054
179057
179059
179068
179093
179099
179122
179126
179135
179137
179139
179143
179144
179154
179166
179173
179175
179182
179190
179233
179246
179251
179274
179280
179283
179309
179339
179362
179370
179380
179420
179436
179441
179445
179458
179502
179508
179532
179534
179580
179585
179592
179614
179616
179633
179645
179668
179681
179695
179711
179730
179751
179774
179778
179779
179786
179791
179801
179805
179810
179828
179832
179859
179866
179875
179904
179919
179921
179925
179968
179981
179983
179985
180016
180031
180032
180043
180047
180050
180068
180080
180097
180100
180124
180130
180133
180145
180157
180165
180203
180204
180214
180219
180239
180253
180260
180288
180289
180300
180302
180308
180314
180321
180352
180357
180369
180377
180381
180383
180392
180393
180433
180442
180504
180540
180544
180598
180622
180641
180645
180655
180679
180682
180683
180707
180725
180728
180803
180808
180812
180814
180821
180830
180838
180846
180853
180881
180888
180894
180897
180940
181021
181054
181056
181072
181091
181094
181104
181107
181113
181122
181153
181159
181165
181171
181174
181178
181182
181199
181203
181205
181229
181234
181257
181286
181307
181337
181369
181378
181387
181395
181396
181397
181400
181412
181426
181443
181459
181525
181531
181558
181563
181595
181602
181603
181618
181649
181680
181705
181735
181740
181745
181755
181760
181766
181771
181800
181802
181806
181822
181828
181840
181860
181900
181938
181982
181985
182009
182021
182036
182042
182046
182053
182054
182056
182091
182132
182134
182165
182176
182177
182188
182193
182204
182213
182224
182244
182250
182282
182285
182301
182319
182345
182348
182350
182355
182378
182387
182403
182409
182434
182444
182470
182513
182515
182522
182549
182551
182558
182567
182579
182611
182612
182618
182619
182634
182641
182642
182671
182701
182718
182752
182767
182785
182795
182803
182837
182884
182922
182947
182956
182961
182971
182972
182982
182988
183002
183019
183053
183059
183075
183079
183082
183083
183085
183087
183091
183122
183126
183138
183141
183147
183180
183186
183196
183212
183241
183253
183259
183279
183293
183299
183337
183338
183349
183365
183391
183461
183469
183528
183591
183628
183635
183642
183663
183671
183684
183701
183705
183742
183755
183767
183771
183772
183782
183787
183795
183805
183817
183828
183836
183841
183851
183864
183885
183918
183943
183947
183951
183965
183971
183976
183980
183993
184005
184040
184050
184069
184100
184159
184168
184176
184195
184198
184215
184221
184232
184250
184257
184268
184293
184300
184305
184309
184318
184323
184342
184375
184390
184399
184429
184447
184491
184498
184501
184536
184544
184571
184601
184603
184674
184689
184703
184709
184718
184756
184759
184760
184772
184775
184782
184794
184813
184837
184838
184863
184876
184884
184906
184924
184933
184943
184945
184965
184983
185049
185050
185073
185075
185076
185088
185090
185095
185100
185114
185119
185121
185140
185142
185147
185151
185153
185167
185188
185229
185238
185258
185268
185339
185372
185377
185381
185383
185396
185452
185463
185478
185480
185484
185490
185513
185526
185540
185547
185549
185553
185561
185571
185573
185584
185585
185588
185591
185592
185669
185704
185710
185725
185737
185740
185768
185776
185812
185816
185825
185838
185858
185878
185898
185899
185906
185927
185928
185939
185940
185969
185976
186015
186062
186077
186081
186084
186129
186141
186143
186159
186171
186186
186201
186232
186249
186257
186261
186271
186274
186277
186287
186308
186313
186315
186326
186383
186389
186401
186411
186420
186426
186442
186465
186467
186474
186485
186489
186507
186514
186530
186540
186542
186546
186568
186570
186582
186596
186598
186613
186617
186634
186640
186661
186667
186668
186677
186699
186700
186719
186720
186721
186722
186747
186762
186765
186767
186771
186772
186783
186872
186898
186899
186921
186934
186952
186954
186962
186968
186990
187024
187041
187072
187098
187113
187215
187221
187238
187245
187253
187263
187282
187295
187301
187310
187358
187361
187364
187371
187412
187418
187424
187430
187440
187446
187461
187502
187506
187519
187523
187524
187525
187533
187545
187563
187573
187574
187579
187580
187584
187593
187594
187607
187643
187645
187647
187656
187666
187682
187704
187737
187749
187757
187762
187773
187792
187820
187828
187830
187836
187843
187864
187873
187883
187884
187886
187895
187899
187907
187938
187949
187951
187971
187972
187981
187996
188001
188009
188015
188038
188069
188077
188093
188099
188128
188135
188146
188163
188184
188214
188215
188218
188226
188230
188238
188255
188260
188264
188265
188279
188320
188333
188337
188393
188400
188404
188405
188431
188440
188448
188455
188497
188505
188515
188516
188533
188538
188547
188550
188558
188569
188595
188601
188602
188613
188628
188642
188653
188668
188672
188675
188678
188735
188736
188749
188753
188755
188796
188832
188836
188845
188846
188848
188856
188882
188886
188895
188902
188923
188936
188956
188958
188974
188995
189022
189024
189041
189047
189086
189090
189098
189101
189109
189113
189115
189121
189137
189155
189162
189178
189185
189209
189249
189252
189258
189261
189282
189291
189319
189320
189356
189363
189402
189417
189420
189432
189435
189442
189468
189498
189499
189544
189549
189578
189594
189604
189654
189657
189665
189678
189679
189691
189702
189726
189738
189748
189755
189761
189782
189797
189809
189832
189841
189844
189854
189858
189881
189895
189923
189925
189936
189943
189965
189972
189982
190058
190076
190081
190104
190143
190145
190158
190181
190212
190225
190236
190238
190256
190257
190262
190279
190319
190331
190335
190346
190362
190381
190384
190398
190418
190420
190421
190424
190428
190439
190465
190485
190526
190531
190561
190567
190610
190614
190639
190673
190685
190721
190724
190739
190745
190780
190851
190855
190867
190872
190879
190890
190892
190904
190905
190971
190997
191010
191029
191047
191061
191070
191076
191112
191115
191124
191127
191131
191160
191171
191176
191181
191189
191200
191219
191276
191282
191288
191331
191341
191378
191388
191393
191410
191438
191439
191447
191483
191484
191488
191520
191537
191538
191548
191556
191560
191574
191577
191585
191586
191614
191635
191669
191679
191686
191698
191704
191740
191760
191762
191764
191775
191786
191789
191796
191843
191850
191877
191885
191894
191895
191932
191936
191940
191944
191957
191987
191996
192016
192030
192058
192072
192082
192089
192111
192147
192155
192168
192170
192173
192190
192209
192267
192278
192281
192296
192306
192313
192333
192342
192345
192354
192365
192408
192409
192411
192424
192462
192472
192491
192497
192522
192523
192527
192542
192553
192570
192588
192593
192614
192628
192652
192664
192676
192698
192724
192740
192757
192758
192765
192789
192791
192799
192806
192824
192828
192835
192838
192849
192852
192867
192877
192879
192911
192935
192967
192969
192992
193054
193056
193070
193077
193101
193111
193174
193186
193204
193205
193221
193224
193227
193234
193247
193249
193260
193264
193282
193297
193309
193343
193351
193365
193397
193405
193420
193478
193480
193484
193493
193501
193509
193512
193523
193524
193529
193556
193558
193585
193590
193604
193632
193710
193739
193741
193757
193764
193777
193779
193793
193845
193854
193862
193873
193877
193886
193896
193907
193931
193935
193938
193952
193991
193994
194026
194028
194037
194040
194057
194074
194080
194106
194113
194128
194132
194205
194208
194220
194228
194246
194262
194277
194289
194295
194309
194316
194329
194355
194375
194382
194389
194397
194407
194408
194410
194421
194422
194440
194458
194459
194464
194472
194496
194499
194510
194519
194530
194533
194552
194593
194596
194608
194611
194623
194648
194692
194706
194716
194722
194723
194759
194789
194790
194835
194849
194878
194886
194906
194957
194974
194979
194987
195013
195022
195029
195042
195058
195071
195087
195096
195100
195109
195110
195113
195160
195165
195190
195196
195212
195213
195244
195249
195255
195273
195275
195304
195336
195340
195341
195352
195373
195386
195392
195403
195428
195452
195473
195481
195483
195495
195496
195504
195507
195510
195516
195528
195554
195556
195557
195558
195565
195592
195598
195607
195617
195626
195644
195679
195708
195711
195712
195779
195819
195852
195871
195903
195927
195938
195943
195963
195977
196001
196019
196067
196070
196096
196133
196142
196174
196177
196191
196192
196228
196246
196255
196267
196280
196282
196285
196315
196347
196358
196366
196375
196414
196418
196431
196440
196474
196487
196501
196512
196518
196538
196557
196572
196592
196614
196617
196637
196638
196641
196656
196661
196662
196753
196756
196760
196777
196781
196792
196794
196804
196815
196816
196823
196837
196842
196854
196865
196866
196918
196919
196928
196934
196975
196985
196992
197001
197008
197019
197022
197044
197047
197064
197072
197077
197091
197100
197114
197136
197140
197142
197161
197164
197173
197234
197236
197266
197269
197296
197306
197314
197317
197324
197349
197372
197385
197417
197421
197431
197433
197474
197476
197520
197573
197580
197611
197621
197636
197650
197669
197728
197749
197750
197762
197772
197778
197788
197797
197813
197818
197825
197828
197840
197852
197856
197860
197862
197865
197899
197903
197958
197986
197992
197998
198001
198048
198056
198061
198063
198076
198091
198103
198114
198129
198141
198143
198164
198169
198191
198199
198234
198247
198249
198254
198306
198309
198344
198347
198355
198366
198368
198375
198385
198432
198450
198454
198462
198490
198500
198510
198512
198514
198534
198536
198577
198595
198619
198628
198634
198638
198659
198664
198670
198683
198706
198721
198727
198733
198740
198777
198786
198808
198809
198818
198822
198830
198840
198854
198873
198877
198897
198921
198931
198937
198968
198970
198975
199033
199080
199089
199096
199101
199124
199131
199135
199136
199145
199147
199160
199163
199191
199199
199226
199234
199258
199261
199270
199281
199372
199411
199422
199427
199454
199467
199474
199476
199490
199502
199506
199516
199568
199574
199588
199631
199674
199689
199693
199701
199728
199745
199755
199793
199794
199815
199828
199845
199859
199869
199873
199890
199895
199904
199960
