500006
500009
500029
500036
500101
500117
500121
500128
500192
500210
500230
500249
500274
500275
500311
500322
500344
500362
500378
500382
500383
500432
500438
500440
500452
500468
500487
500489
500496
500514
500567
500573
500604
500613
500665
500684
500708
500723
500733
500735
500744
500757
500768
500789
500792
500796
500807
500863
500921
500929
500941
500954
500977
500979
501005
501006
501016
501019
501028
501035
501038
501042
501054
501059
501072
501086
501111
501115
501124
501129
501148
501155
501162
501177
501201
501258
501262
501275
501284
501289
501305
501318
501336
501339
501348
501364
501380
501388
501391
501405
501406
501428
501449
501454
501456
501474
501485
501489
501493
501536
501540
501541
501549
501552
501557
501605
501614
501616
501619
501658
501677
501684
501704
501716
501739
501765
501768
501840
501871
501878
501951
501990
502002
502019
502020
502032
502039
502053
502077
502083
502089
502094
502138
502150
502151
502175
502180
502203
502208
502211
502229
502230
502237
502278
502307
502312
502317
502320
502321
502327
502333
502348
502352
502367
502404
502411
502429
502457
502459
502472
502486
502502
502512
502514
502534
502545
502553
502605
502615
502625
502648
502649
502696
502721
502774
502781
502791
502794
502795
502832
502836
502845
502852
502862
502865
502887
502907
502922
502962
502979
502983
502985
502989
502997
503012
503013
503018
503024
503033
503037
503042
503043
503054
503059
503060
503072
503092
503093
503102
503103
503144
503155
503178
503202
503209
503222
503240
503254
503290
503300
503312
503314
503321
503329
503335
503339
503341
503392
503400
503407
503412
503420
503442
503463
503466
503474
503475
503495
503499
503504
503507
503509
503559
503586
503606
503608
503620
503651
503665
503669
503673
503690
503698
503699
503704
503720
503748
503769
503797
503798
503806
503813
503841
503853
503861
503886
503890
503907
503908
503913
503918
503920
503936
503945
503973
503985
503996
503998
504003
504100
504109
504114
504142
504187
504203
504228
504244
504246
504259
504265
504277
504317
504331
504344
504368
504376
504377
504384
504407
504420
504435
504438
504444
504478
504481
504484
504499
504510
504526
504534
504543
504562
504568
504616
504663
504676
504697
504702
504706
504707
504717
504757
504762
504808
504823
504825
504829
504854
504891
504913
504918
504922
504928
504937
504939
504941
504967
504986
504988
504994
504996
505001
505014
505023
505024
505042
505058
505083
505092
505109
505125
505171
505172
505185
505214
505230
505234
505235
505236
505237
505252
505294
505302
505333
505343
505344
505367
505389
505396
505410
505423
505427
505430
505455
505480
505542
505588
505592
505626
505635
505646
505682
505698
505701
505714
505715
505732
505735
505750
505764
505781
505795
505829
505830
505840
505857
505909
505911
505934
505949
505950
505953
505967
505972
505977
505990
506011
506030
506031
506059
506064
506077
506080
506081
506084
506085
506095
506119
506121
506148
506156
506158
506161
506168
506182
506190
506202
506212
506218
506244
506250
506264
506271
506283
506309
506313
506321
506329
506371
506375
506378
506397
506409
506410
506424
506439
506461
506513
506579
506589
506620
506653
506661
506664
506676
506696
506705
506712
506809
506814
506819
506853
506880
506892
506896
506902
506916
506931
506932
506953
506970
506980
506981
507013
507015
507039
507047
507102
507108
507121
507135
507137
507167
507176
507206
507210
507231
507238
507248
507250
507263
507269
507277
507287
507334
507347
507402
507410
507450
507483
507485
507508
507509
507514
507526
507543
507582
507584
507608
507614
507616
507631
507643
507674
507678
507689
507703
507706
507730
507765
507827
507860
507866
507871
507888
507893
507895
507899
507914
507937
507963
507964
507966
507973
507999
508035
508098
508110
508120
508121
508142
508180
508189
508193
508205
508225
508279
508296
508310
508315
508317
508331
508336
508344
508357
508365
508372
508380
508384
508394
508413
508424
508442
508473
508479
508480
508487
508502
508503
508515
508520
508523
508539
508557
508567
508614
508626
508682
508706
508707
508711
508735
508761
508770
508784
508787
508818
508833
508846
508858
508863
508877
508879
508910
508920
508945
508948
508967
509002
509012
509027
509054
509059
509078
509128
509144
509155
509162
509168
509175
509208
509244
509246
509251
509254
509258
509260
509264
509286
509300
509303
509318
509329
509360
509384
509402
509425
509428
509433
509449
509500
509524
509555
509574
509611
509616
509625
509632
509633
509636
509647
509700
509705
509724
509759
509777
509787
509793
509834
509862
509872
509922
509926
510009
510011
510044
510050
510079
510085
510090
510112
510135
510143
510175
510196
510253
510270
510280
510285
510324
510327
510337
510350
510367
510398
510411
510416
510421
510430
510432
510453
510455
510475
510480
510486
510496
510506
510507
510542
510560
510576
510583
510598
510610
510617
510636
510638
510656
510717
510722
510726
510727
510728
510749
510760
510764
510791
510792
510805
510807
510824
510830
510932
510935
510939
510951
510980
510999
511003
511021
511036
511046
511049
511059
511076
511081
511095
511117
511148
511152
511158
511161
511183
511192
511198
511208
511244
511309
511343
511348
511361
511374
511378
511405
511421
511434
511450
511459
511469
511472
511481
511492
511528
511532
511539
511573
511592
511593
511605
511612
511620
511624
511625
511653
511676
511707
511720
511725
511729
511739
511779
511795
511799
511800
511810
511823
511830
511837
511884
511918
511922
511937
511947
511989
512022
512038
512051
512072
512081
512091
512094
512134
512136
512146
512150
512157
512162
512168
512188
512201
512256
512265
512270
512290
512307
512312
512333
512358
512369
512377
512381
512395
512397
512418
512454
512456
512481
512498
512503
512512
512551
512571
512650
512651
512657
512687
512717
512753
512757
512830
512836
512843
512860
512864
512879
512893
512924
512925
512945
512977
512996
513003
513052
513089
513109
513114
513118
513120
513127
513142
513193
513198
513238
513242
513243
513245
513256
513266
513300
513301
513302
513304
513309
513320
513348
513360
513378
513382
513411
513420
513431
513451
513458
513466
513513
513520
513543
513546
513554
513556
513594
513625
513628
513641
513685
513689
513694
513748
513758
513780
513818
513830
513849
513863
513879
513903
513904
513924
513933
513944
513953
513998
514012
514014
514035
514039
514047
514048
514050
514060
514064
514108
514109
514110
514112
514136
514148
514157
514158
514160
514166
514169
514182
514188
514195
514198
514228
514241
514252
514258
514273
514288
514298
514299
514301
514325
514327
514345
514347
514355
514359
514365
514369
514392
514405
514406
514407
514413
514415
514422
514424
514443
514455
514479
514511
514516
514523
514526
514579
514612
514624
514628
514637
514659
514669
514696
514701
514730
514762
514764
514775
514776
514781
514802
514803
514810
514846
514847
514853
514864
514879
514893
514899
514920
514930
514931
514943
514957
514987
514989
515036
515044
515060
515098
515102
515105
515107
515124
515131
515133
515154
515168
515198
515204
515226
515236
515240
515249
515260
515261
515284
515293
515300
515354
515370
515386
515388
515401
515407
515418
515437
515441
515443
515500
515503
515510
515519
515534
515553
515556
515594
515600
515607
515608
515623
515631
515634
515684
515691
515728
515744
515754
515771
515774
515795
515817
515818
515822
515840
515861
515864
515909
515911
515924
515929
515947
515971
515978
516016
516017
516030
516051
516064
516070
516140
516158
516159
516162
516174
516183
516184
516188
516193
516204
516226
516248
516271
516275
516276
516309
516322
516335
516351
516360
516382
516385
516387
516397
516405
516411
516417
516425
516453
516465
516472
516497
516498
516508
516518
516530
516574
516579
516591
516617
516632
516648
516654
516678
516693
516714
516719
516745
516747
516751
516759
516785
516792
516796
516808
516815
516838
516839
516850
516851
516856
516857
516858
516895
516900
516949
516988
517012
517019
517026
517038
517045
517059
517069
517075
517084
517088
517130
517132
517141
517158
517162
517190
517216
517233
517250
517264
517270
517278
517283
517317
517340
517357
517358
517395
517410
517442
517455
517461
517465
517466
517493
517496
517502
517511
517522
517528
517549
517550
517558
517579
517603
517611
517613
517625
517631
517641
517692
517724
517735
517743
517744
517765
517771
517794
517810
517839
517841
517870
517872
517903
517923
518005
518008
518020
518039
518059
518070
518080
518097
518108
518111
518122
518132
518140
518151
518178
518186
518210
518239
518252
518269
518297
518305
518310
518335
518367
518413
518448
518455
518483
518489
518507
518511
518527
518531
518569
518579
518592
518593
518614
518618
518630
518654
518656
518673
518678
518685
518704
518724
518726
518731
518740
518741
518746
518752
518763
518775
518777
518798
518835
518858
518867
518892
518899
518938
518977
518978
518995
518999
519001
519048
519050
519051
519077
519081
519083
519093
519105
519108
519129
519138
519141
519148
519156
519185
519187
519192
519205
519208
519214
519235
519243
519255
519256
519271
519286
519300
519342
519380
519388
519391
519392
519407
519415
519452
519459
519472
519512
519524
519535
519566
519575
519584
519597
519603
519607
519616
519618
519627
519637
519647
519685
519723
519733
519749
519759
519785
519799
519810
519816
519819
519820
519828
519832
519837
519841
519844
519849
519850
519853
519856
519865
519886
519890
519900
519953
519956
519967
519968
519995
520017
520023
520035
520051
520077
520078
520092
520112
520128
520132
520141
520156
520162
520163
520199
520218
520231
520232
520234
520246
520248
520274
520283
520316
520330
520338
520346
520394
520410
520428
520438
520459
520528
520530
520603
520608
520612
520651
520678
520681
520683
520696
520726
520757
520761
520764
520774
520787
520795
520800
520805
520817
520826
520848
520853
520855
520866
520889
520910
520911
520917
520920
520936
520944
520951
521002
521006
521039
521065
521096
521117
521125
521131
521132
521187
521190
521200
521206
521217
521223
521246
521252
521305
521306
521309
521311
521328
521339
521357
521361
521367
521405
521414
521448
521469
521470
521471
521492
521500
521513
521560
521563
521607
521618
521640
521647
521668
521670
521676
521684
521706
521712
521756
521775
521804
521806
521810
521817
521849
521852
521865
521880
521884
521887
521901
521904
521909
521910
521921
521931
521950
521963
521977
521983
522006
522020
522026
522029
522036
522041
522047
522066
522080
522086
522087
522097
522143
522152
522163
522176
522179
522196
522216
522217
522220
522229
522247
522250
522268
522318
522344
522349
522377
522387
522396
522407
522428
522438
522441
522446
522459
522463
522469
522477
522501
522513
522532
522550
522557
522598
522602
522603
522655
522662
522683
522686
522694
522696
522709
522734
522750
522752
522763
522770
522780
522798
522802
522835
522853
522862
522873
522875
522882
522888
522922
522931
522937
522952
522959
522961
522967
522991
523012
523032
523037
523136
523178
523179
523199
523231
523238
523245
523265
523278
523280
523284
523314
523337
523356
523360
523368
523385
523470
523475
523496
523499
523507
523520
523529
523552
523554
523557
523566
523569
523579
523586
523619
523620
523638
523656
523658
523679
523691
523699
523716
523720
523721
523728
523759
523786
523820
523832
523850
523870
523873
523876
523878
523913
523918
523936
523990
523997
524008
524020
524025
524042
524052
524093
524106
524120
524123
524158
524164
524165
524167
524170
524194
524215
524226
524236
524241
524244
524249
524258
524267
524279
524286
524287
524311
524324
524335
524343
524347
524354
524361
524365
524366
524379
524393
524419
524423
524428
524468
524495
524497
524513
524527
524560
524561
524564
524576
524590
524591
524609
524611
524645
524655
524659
524673
524681
524693
524743
524749
524763
524767
524774
524776
524783
524811
524821
524831
524838
524850
524874
524880
524885
524886
524893
524896
524942
524975
524982
524990
524995
525011
525021
525037
525044
525064
525066
525075
525093
525097
525109
525156
525159
525160
525167
525171
525177
525203
525211
525226
525246
525275
525280
525282
525304
525318
525326
525362
525372
525376
525386
525389
525413
525415
525422
525474
525495
525497
525498
525499
525512
525541
525543
525548
525563
525581
525584
525588
525591
525678
525696
525697
525700
525702
525707
525709
525745
525800
525802
525822
525829
525864
525869
525875
525910
525919
525929
525947
525969
525978
525983
525988
526002
526006
526007
526018
526035
526053
526065
526090
526123
526131
526135
526137
526214
526228
526234
526238
526248
526283
526309
526314
526319
526330
526332
526369
526370
526376
526395
526399
526431
526433
526438
526441
526446
526457
526458
526464
526512
526514
526518
526550
526551
526557
526569
526573
526602
526616
526617
526633
526636
526641
526660
526669
526676
526697
526729
526743
526746
526779
526785
526793
526815
526817
526824
526836
526837
526854
526883
526894
526913
526924
526948
526957
526964
527024
527037
527066
527073
527085
527087
527091
527097
527099
527115
527126
527176
527251
527265
527266
527311
527328
527334
527359
527363
527372
527389
527393
527397
527408
527415
527451
527463
527476
527497
527517
527522
527532
527543
527553
527572
527574
527578
527615
527622
527625
527633
527634
527654
527692
527706
527710
527711
527718
527723
527725
527729
527770
527773
527783
527800
527810
527814
527818
527842
527843
527846
527862
527863
527888
527890
527915
527918
527932
527964
527972
527989
527999
528029
528030
528038
528045
528046
528048
528078
528099
528107
528143
528149
528174
528175
528189
528197
528209
528212
528221
528225
528257
528262
528270
528294
528296
528315
528376
528379
528385
528430
528438
528455
528467
528472
528474
528495
528549
528550
528565
528616
528618
528649
528650
528666
528674
528683
528706
528708
528720
528721
528736
528753
528754
528823
528834
528846
528853
528858
528860
528864
528878
528882
528912
528933
528955
528978
528988
529010
529020
529027
529058
529063
529086
529087
529093
529135
529136
529157
529158
529174
529183
529184
529211
529215
529269
529282
529289
529300
529312
529319
529334
529337
529338
529340
529344
529349
529361
529369
529376
529380
529397
529415
529452
529459
529471
529486
529524
529534
529549
529558
529576
529577
529587
529612
529638
529651
529652
529667
529670
529674
529687
529691
529727
529731
529740
529749
529768
529775
529785
529808
529884
529899
529936
529963
529987
530029
530033
530044
530076
530084
530113
530121
530162
530165
530169
530194
530216
530233
530256
530257
530263
530270
530280
530291
530309
530350
530369
530377
530381
530397
530414
530419
530441
530477
530501
530527
530528
530577
530589
530597
530601
530621
530658
530675
530678
530692
530701
530710
530750
530778
530799
530802
530833
530834
530842
530859
530861
530863
530899
530946
530949
530978
531053
531095
531125
531141
531151
531155
531165
531180
531195
531202
531225
531249
531261
531268
531270
531300
531325
531345
531359
531363
531391
531410
531422
531426
531427
531431
531435
531443
531452
531462
531469
531501
531508
531514
531516
531517
531568
531575
531605
531606
531613
531618
531632
531639
531670
531679
531688
531695
531747
531759
531765
531817
531825
531826
531850
531861
531870
531875
531896
531900
531918
531944
531946
531964
531984
531985
532050
532059
532065
532069
532082
532091
532101
532127
532141
532152
532174
532180
532240
532248
532263
532268
532286
532296
532298
532301
532328
532331
532370
532373
532417
532452
532459
532485
532497
532508
532511
532525
532570
532574
532591
532598
532608
532647
532657
532680
532693
532744
532753
532760
532763
532790
532791
532805
532828
532836
532838
532847
532851
532856
532880
532906
532918
532920
532936
532940
532944
532946
532966
532974
532994
532995
533003
533005
533011
533018
533032
533035
533064
533077
533109
533111
533123
533129
533148
533150
533160
533177
533187
533192
533199
533303
533323
533324
533333
533347
533357
533378
533396
533400
533419
533425
533431
533440
533459
533461
533469
533483
533495
533499
533513
533518
533529
533531
533537
533544
533549
533558
533559
533574
533597
533632
533655
533691
533697
533756
533766
533767
533790
533809
533826
533861
533873
533877
533885
533924
533925
533938
533969
533977
534004
534043
534054
534072
534074
534078
534086
534089
534095
534096
534107
534113
534136
534138
534139
534164
534208
534227
534243
534249
534266
534286
534291
534309
534321
534331
534342
534356
534371
534374
534479
534513
534558
534568
534587
534610
534614
534618
534655
534657
534676
534689
534725
534738
534741
534754
534763
534773
534791
534795
534803
534806
534814
534819
534827
534835
534856
534873
534874
534876
534903
534922
534937
534950
534959
534981
535020
535044
535057
535062
535075
535080
535103
535127
535135
535144
535148
535167
535234
535251
535256
535319
535322
535323
535327
535339
535349
535354
535369
535376
535406
535419
535421
535444
535446
535450
535454
535459
535463
535466
535483
535499
535514
535569
535580
535587
535606
535678
535700
535701
535720
535721
535735
535810
535848
535851
535886
535888
535895
535902
535913
535918
535919
535956
535992
535996
536004
536050
536055
536067
536094
536098
536105
536124
536141
536161
536171
536186
536198
536222
536242
536266
536277
536293
536308
536350
536370
536382
536413
536415
536426
536429
536438
536465
536483
536499
536510
536530
536538
536545
536548
536555
536585
536591
536621
536636
536641
536652
536721
536731
536779
536807
536810
536821
536829
536832
536845
536856
536858
536862
536899
536901
536925
536945
536956
536970
536978
536982
537023
537068
537077
537092
537099
537107
537130
537131
537165
537181
537211
537226
537250
537267
537284
537309
537333
537349
537357
537359
537363
537398
537418
537422
537435
537469
537470
537480
537490
537497
537508
537519
537570
537586
537605
537624
537638
537664
537748
537751
537766
537790
537797
537804
537811
537843
537862
537892
537895
537902
537912
537932
537954
537964
537975
537980
537996
538004
538012
538016
538028
538030
538052
538059
538071
538072
538100
538106
538129
538186
538202
538221
538228
538231
538232
538233
538246
538251
538264
538281
538306
538317
538318
538321
538373
538377
538379
538382
538386
538396
538407
538410
538433
538440
538454
538456
538465
538490
538539
538558
538561
538578
538600
538614
538622
538650
538651
538681
538683
538694
538701
538717
538719
538732
538765
538781
538786
538855
538861
538869
538887
538889
538946
538954
538980
538981
538983
538991
538997
539088
539093
539113
539120
539124
539158
539178
539206
539225
539246
539274
539305
539323
539338
539339
539357
539367
539370
539375
539423
539444
539458
539460
539476
539491
539498
539507
539534
539544
539574
539577
539578
539584
539589
539651
539668
539669
539676
539679
539686
539694
539738
539743
539770
539790
539819
539835
539847
539855
539878
539912
539954
539957
539970
539978
539989
540009
540034
540047
540058
540062
540074
540090
540096
540113
540121
540158
540170
540177
540188
540193
540203
540207
540219
540232
540234
540239
540245
540265
540302
540318
540320
540325
540331
540341
540356
540370
540389
540446
540449
540451
540461
540466
540469
540473
540480
540494
540545
540561
540588
540589
540609
540612
540615
540617
540623
540629
540632
540661
540708
540711
540719
540724
540730
540739
540751
540765
540766
540773
540801
540816
540822
540825
540862
540880
540891
540897
540932
540940
540941
540947
540957
540965
540991
541004
541023
541024
541057
541106
541108
541116
541125
541127
541145
541147
541155
541158
541172
541177
541183
541199
541215
541232
541234
541257
541281
541285
541294
541300
541303
541312
541326
541329
541340
541344
541355
541422
541446
541451
541454
541462
541474
541477
541510
541520
541525
541526
541550
541552
541573
541585
541592
541596
541612
541639
541642
541651
541656
541667
541668
541671
541676
541694
541707
541721
541736
541746
541761
541765
541769
541778
541784
541816
541838
541848
541875
541886
541903
541908
541916
541917
541922
541925
541942
541957
541966
541975
541977
541992
542020
542033
542046
542064
542065
542071
542073
542082
542086
542100
542104
542129
542153
542162
542186
542195
542200
542205
542225
542240
542243
542267
542285
542319
542338
542339
542355
542378
542383
542388
542390
542409
542437
542442
542488
542532
542533
542537
542574
542581
542603
542611
542621
542628
542644
542675
542697
542710
542730
542738
542748
542763
542779
542781
542784
542796
542807
542810
542831
542835
542841
542848
542883
542906
542912
542972
543070
543074
543075
543080
543114
543132
543140
543154
543160
543161
543184
543190
543195
543201
543224
543225
543246
543268
543288
543336
543341
543343
543346
543375
543386
543393
543408
543411
543414
543432
543437
543451
543499
543542
543564
543565
543611
543613
543620
543640
543677
543680
543686
543696
543711
543745
543752
543773
543774
543800
543804
543806
543815
543830
543837
543840
543857
543866
543872
543874
543878
543879
543900
543902
543915
543921
543944
543952
543954
543955
543957
543960
544000
544013
544015
544017
544019
544024
544041
544048
544054
544055
544057
544070
544091
544103
544106
544142
544155
544176
544180
544201
544210
544211
544216
544283
544297
544309
544321
544352
544371
544378
544379
544382
544393
544399
544407
544420
544440
544441
544460
544461
544567
544569
544578
544591
544597
544627
544635
544638
544651
544657
544664
544666
544698
544705
544727
544746
544766
544772
544831
544843
544854
544865
544877
544901
544909
544918
544933
544936
544959
544965
545005
545018
545024
545055
545082
545083
545084
545120
545127
545152
545169
545173
545191
545220
545232
545240
545243
545265
545266
545271
545272
545278
545315
545317
545329
545333
545385
545388
545434
545439
545456
545457
545498
545502
545506
545550
545557
545561
545597
545598
545611
545639
545652
545666
545675
545684
545713
545727
545777
545780
545834
545843
545860
545896
545901
545912
545942
545944
545949
545985
545987
545998
546016
546020
546048
546060
546076
546086
546102
546113
546118
546123
546137
546153
546167
546169
546188
546212
546243
546265
546278
546291
546304
546305
546315
546373
546436
546449
546460
546468
546488
546523
546529
546570
546575
546586
546602
546615
546631
546649
546662
546682
546684
546703
546714
546736
546748
546773
546787
546844
546845
546860
546866
546867
546881
546896
546929
546950
547024
547055
547061
547064
547083
547099
547127
547130
547148
547150
547178
547202
547224
547243
547266
547276
547285
547292
547306
547315
547326
547331
547336
547377
547384
547422
547467
547469
547471
547504
547508
547517
547530
547545
547579
547584
547599
547607
547634
547669
547698
547705
547793
547808
547852
547897
547904
547915
547922
547926
547943
547958
547973
547996
547997
548001
548007
548009
548013
548024
548052
548066
548068
548124
548129
548136
548157
548163
548177
548197
548212
548217
548235
548241
548254
548275
548331
548371
548379
548387
548419
548423
548470
548506
548527
548535
548548
548550
548551
548573
548577
548580
548585
548603
548605
548616
548637
548641
548643
548660
548666
548670
548706
548709
548719
548722
548733
548746
548747
548752
548754
548763
548781
548785
548805
548812
548816
548826
548836
548844
548888
548895
548913
548927
548932
548933
548969
548995
549013
549055
549106
549111
549120
549127
549139
549143
549159
549176
549186
549187
549198
549224
549241
549244
549270
549303
549309
549336
549339
549354
549371
549376
549377
549415
549425
549445
549452
549454
549472
549476
549491
549492
549525
549528
549537
549544
549555
549566
549574
549575
549577
549578
549579
549580
549596
549598
549635
549663
549669
549686
549705
549720
549739
549760
549811
549849
549874
549890
549934
549963
549969
549990
550000
550029
550059
550105
550106
550136
550146
550152
550155
550161
550179
550183
550185
550199
550239
550251
550272
550329
550336
550391
550393
550404
550412
550439
550469
550476
550479
550488
550519
550520
550565
550572
550580
550631
550632
550652
550663
550669
550696
550742
550761
550764
550767
550777
550778
550790
550816
550853
550854
550857
550882
550884
550886
550907
550922
550926
550931
550933
550934
550939
550971
550984
551014
551015
551037
551043
551045
551049
551061
551090
551110
551113
551133
551137
551152
551177
551192
551194
551215
551240
551244
551257
551274
551293
551315
551332
551344
551347
551360
551375
551378
551385
551426
551432
551462
551473
551482
551488
551496
551505
551550
551553
551574
551589
551592
551608
551631
551657
551685
551699
551739
551741
551752
551771
551806
551810
551821
551830
551851
551896
551904
551929
551937
551942
551969
551974
551985
551992
552010
552017
552022
552031
552051
552076
552100
552103
552105
552106
552124
552144
552163
552193
552218
552241
552249
552252
552263
552267
552277
552291
552307
552328
552329
552346
552348
552350
552355
552356
552365
552401
552424
552425
552429
552449
552450
552454
552465
552489
552493
552501
552518
552555
552568
552571
552583
552595
552624
552626
552659
552665
552669
552677
552724
552753
552754
552763
552767
552778
552816
552827
552828
552830
552843
552863
552870
552873
552878
552882
552883
552892
552913
552954
552980
552983
552990
553051
553054
553099
553198
553205
553245
553254
553258
553283
553294
553327
553328
553329
553334
553373
553377
553402
553409
553413
553431
553467
553484
553508
553509
553529
553530
553542
553556
553565
553608
553611
553615
553645
553660
553668
553684
553702
553712
553727
553742
553746
553765
553778
553793
553815
553822
553843
553852
553856
553857
553860
553869
553905
553909
553910
553917
553920
553929
553952
553990
553993
554031
554036
554081
554091
554099
554104
554126
554139
554140
554162
554183
554184
554189
554216
554219
554227
554241
554268
554278
554295
554304
554318
554343
554355
554391
554395
554400
554405
554431
554448
554462
554463
554491
554492
554507
554511
554528
554534
554571
554573
554585
554617
554624
554692
554704
554713
554745
554746
554753
554757
554776
554792
554820
554833
554842
554854
554881
554883
554890
554891
554892
554898
554907
554912
554920
554948
554990
554994
554997
555014
555024
555027
555030
555038
555049
555052
555055
555103
555118
555136
555145
555155
555163
555165
555171
555189
555194
555230
555288
555334
555340
555349
555351
555358
555381
555428
555432
555434
555440
555459
555472
555501
555529
555542
555553
555561
555573
555583
555584
555602
555612
555616
555622
555638
555650
555662
555700
555725
555739
555746
555779
555821
555832
555844
555872
555884
555885
555897
555902
555927
555942
555955
556007
556012
556017
556045
556052
556068
556089
556103
556121
556127
556135
556136
556144
556154
556156
556203
556210
556218
556221
556238
556251
556254
556287
556296
556315
556336
556342
556345
556349
556405
556440
556471
556482
556494
556520
556534
556535
556555
556563
556569
556576
556613
556624
556628
556674
556682
556718
556728
556764
556773
556786
556799
556830
556839
556873
556874
556888
556902
556937
556956
556958
556964
556966
556972
556977
556979
557001
557010
557011
557013
557037
557056
557058
557066
557091
557116
557119
557131
557155
557164
557167
557173
557184
557185
557200
557213
557226
557252
557256
557257
557259
557301
557322
557327
557373
557375
557381
557388
557395
557402
557415
557435
557446
557455
557463
557465
557486
557489
557499
557514
557521
557541
557543
557550
557575
557580
557600
557627
557629
557634
557643
557656
557657
557743
557781
557783
557784
557812
557833
557852
557853
557858
557863
557874
557882
557890
557896
557920
557924
557927
557930
557954
557960
557990
558004
558016
558018
558042
558053
558072
558082
558085
558118
558134
558144
558153
558167
558195
558204
558228
558239
558268
558272
558298
558307
558327
558332
558333
558334
558340
558382
558392
558402
558444
558459
558492
558518
558541
558542
558546
558550
558553
558563
558575
558581
558593
558604
558610
558621
558632
558644
558646
558647
558660
558673
558674
558678
558702
558709
558716
558738
558770
558775
558789
558791
558799
558823
558830
558845
558848
558885
558892
558925
558937
558945
558961
558969
558976
558978
558985
558987
558997
558999
559003
559016
559018
559020
559047
559066
559068
559090
559095
559103
559115
559120
559128
559132
559135
559142
559211
559215
559264
559265
559266
559270
559275
559306
559307
559315
559319
559320
559367
559392
559393
559466
559469
559503
559542
559558
559568
559583
559602
559608
559622
559635
559636
559646
559650
559654
559679
559690
559707
559725
559737
559743
559766
559776
559783
559796
559799
559800
559804
559810
559818
559843
559854
559866
559868
559877
559894
559896
559932
559937
559962
559963
559983
559997
560014
560026
560038
560044
560053
560058
560059
560080
560092
560094
560105
560120
560124
560184
560202
560204
560213
560244
560258
560265
560275
560300
560369
560385
560422
560449
560460
560474
560490
560520
560539
560552
560553
560618
560633
560662
560675
560691
560701
560719
560720
560721
560729
560730
560738
560779
560787
560793
560795
560814
560817
560853
560868
560872
560874
560875
560882
560928
560938
560964
560969
560988
561009
561020
561043
561054
561055
561099
561161
561184
561197
561203
561213
561225
561273
561311
561318
561324
561335
561343
561424
561429
561448
561469
561491
561522
561547
561585
561596
561617
561628
561637
561678
561685
561696
561727
561732
561745
561749
561766
561771
561774
561779
561806
561811
561839
561842
561861
561882
561888
561910
561928
561990
561997
561998
562004
562018
562024
562054
562058
562082
562085
562090
562131
562133
562140
562151
562161
562171
562173
562174
562178
562183
562211
562229
562238
562239
562247
562252
562256
562284
562301
562303
562321
562340
562352
562362
562374
562377
562387
562404
562430
562432
562457
562460
562518
562536
562541
562571
562585
562590
562601
562633
562715
562716
562778
562782
562784
562787
562793
562816
562819
562828
562852
562897
562901
562905
562911
562937
562952
562968
563041
563070
563074
563096
563098
563110
563140
563177
563186
563191
563200
563204
563243
563295
563303
563311
563331
563334
563338
563358
563379
563382
563401
563407
563430
563439
563446
563476
563482
563491
563499
563504
563505
563507
563534
563539
563552
563560
563564
563573
563591
563601
563614
563627
563642
563650
563656
563691
563692
563713
563736
563759
563763
563765
563766
563771
563782
563808
563848
563849
563853
563858
563879
563881
563900
563917
563982
563985
563988
563992
563993
564008
564046
564071
564090
564096
564098
564114
564120
564122
564158
564168
564200
564212
564232
564240
564254
564304
564313
564328
564333
564348
564375
564379
564381
564395
564401
564431
564445
564457
564459
564489
564492
564499
564501
564511
564522
564530
564536
564539
564569
564576
564601
564619
564626
564629
564634
564638
564639
564644
564645
564671
564676
564677
564688
564697
564709
564721
564730
564741
564745
564746
564748
564775
564780
564788
564818
564831
564838
564854
564869
564895
564896
564901
564982
564984
564992
564996
565012
565035
565037
565038
565045
565046
565054
565059
565068
565069
565071
565099
565139
565148
565163
565221
565282
565286
565290
565292
565298
565326
565328
565335
565366
565372
565380
565385
565417
565431
565478
565486
565489
565504
565519
565538
565555
565566
565573
565575
565593
565596
565616
565622
565625
565635
565676
565682
565692
565726
565739
565756
565764
565766
565783
565799
565815
565900
565907
565908
565913
565916
565988
565990
566018
566039
566044
566051
566109
566138
566140
566146
566159
566163
566202
566206
566219
566224
566237
566263
566267
566277
566284
566310
566346
566351
566361
566364
566380
566388
566390
566442
566449
566462
566464
566467
566488
566511
566512
566513
566536
566557
566569
566586
566588
566593
566623
566628
566641
566645
566653
566655
566656
566733
566748
566757
566761
566806
566809
566821
566834
566858
566860
566872
566887
566914
566936
566950
566954
566964
566987
566992
567016
567048
567055
567123
567142
567145
567172
567180
567186
567187
567209
567213
567229
567246
567247
567258
567260
567294
567328
567333
567342
567369
567375
567384
567402
567412
567413
567416
567425
567434
567444
567450
567466
567505
567521
567530
567533
567536
567541
567547
567553
567560
567562
567571
567592
567608
567613
567635
567657
567716
567729
567752
567755
567756
567769
567775
567777
567779
567795
567797
567809
567840
567843
567854
567855
567857
567859
567866
567874
567890
567892
567915
567937
567957
567959
567983
567994
568003
568040
568055
568061
568064
568065
568079
568083
568084
568101
568118
568138
568139
568145
568146
568171
568175
568179
568192
568206
568207
568224
568256
568258
568278
568300
568302
568318
568319
568342
568355
568373
568383
568405
568427
568428
568435
568440
568498
568500
568514
568532
568552
568558
568566
568569
568592
568604
568607
568644
568645
568700
568725
568773
568777
568792
568794
568795
568801
568810
568813
568814
568815
568843
568859
568882
568904
568912
568975
569010
569022
569025
569039
569087
569088
569102
569103
569107
569108
569129
569161
569165
569173
569179
569180
569182
569191
569230
569235
569278
569297
569298
569324
569326
569331
569346
569363
569371
569387
569431
569469
569488
569508
569514
569525
569526
569583
569585
569586
569591
569629
569680
569682
569693
569715
569716
569722
569729
569742
569768
569787
569792
569795
569798
569819
569831
569834
569837
569874
569875
569891
569904
569954
569972
570003
570023
570043
570048
570065
570069
570070
570085
570106
570109
570144
570145
570153
570170
570173
570202
570234
570256
570269
570309
570317
570330
570332
570379
570456
570458
570495
570553
570578
570588
570597
570598
570609
570615
570666
570671
570679
570685
570686
570705
570707
570762
570778
570783
570786
570790
570795
570806
570813
570814
570834
570847
570851
570868
570897
570906
570935
570947
570978
570979
570984
570986
570997
571007
571020
571049
571058
571071
571078
571109
571113
571125
571132
571152
571169
571171
571201
571202
571207
571210
571213
571271
571299
571303
571316
571339
571350
571351
571354
571356
571359
571368
571401
571411
571422
571424
571425
571428
571448
571473
571477
571481
571500
571507
571514
571540
571566
571570
571585
571594
571608
571623
571642
571673
571686
571694
571722
571737
571738
571739
571744
571746
571763
571778
571809
571823
571828
571838
571841
571848
571861
571868
571878
571881
571902
571903
571921
571953
571976
572011
572013
572029
572036
572046
572049
572073
572074
572076
572077
572102
572112
572116
572130
572131
572155
572158
572175
572199
572203
572207
572213
572257
572260
572278
572303
572314
572318
572337
572353
572355
572356
572365
572384
572400
572409
572436
572477
572500
572510
572553
572569
572593
572603
572604
572617
572625
572683
572694
572696
572699
572708
572710
572720
572725
572727
572734
572738
572757
572767
572773
572798
572831
572840
572852
572914
572931
572949
572981
572982
572991
572997
573041
573048
573055
573069
573071
573081
573099
573109
573129
573132
573137
573155
573176
573180
573181
573210
573250
573315
573335
573388
573390
573397
573399
573407
573410
573412
573417
573430
573438
573462
573468
573473
573474
573484
573502
573532
573543
573548
573550
573555
573583
573588
573621
573625
573628
573643
573648
573651
573653
573658
573672
573681
573686
573689
573691
573699
573707
573718
573721
573723
573736
573743
573747
573774
573785
573808
573824
573843
573853
573857
573863
573885
573888
573906
573927
573935
573937
573949
573963
573983
574005
574010
574015
574027
574039
574047
574050
574055
574057
574091
574107
574137
574138
574168
574196
574211
574216
574218
574244
574245
574252
574257
574280
574293
574302
574305
574324
574333
574336
574343
574356
574376
574393
574408
574436
574439
574442
574449
574450
574461
574479
574494
574500
574503
574521
574539
574540
574577
574587
574593
574595
574599
574601
574604
574635
574676
574679
574690
574697
574705
574708
574733
574743
574770
574781
574787
574799
574803
574836
574851
574933
574937
574939
574944
575005
575007
575041
575060
575076
575091
575107
575147
575153
575161
575206
575211
575227
575237
575241
575242
575248
575278
575293
575329
575357
575362
575386
575393
575396
575400
575446
575461
575488
575512
575517
575520
575528
575553
575590
575614
575630
575632
575654
575659
575667
575695
575733
575735
575760
575797
575814
575823
575888
575892
575897
575898
575902
575923
575935
575948
575951
575960
575980
575986
575988
576004
576011
576028
576035
576042
576045
576046
576054
576063
576079
576099
576105
576108
576109
576130
576149
576168
576170
576176
576207
576219
576220
576234
576246
576253
576268
576280
576299
576315
576317
576330
576333
576347
576368
576369
576401
576420
576422
576436
576496
576500
576503
576507
576543
576557
576558
576561
576572
576588
576596
576620
576630
576632
576633
576638
576642
576643
576672
576679
576680
576687
576697
576703
576728
576736
576819
576834
576843
576850
576864
576895
576910
576913
576919
576975
577015
577036
577046
577052
577064
577109
577142
577147
577150
577162
577185
577188
577194
577198
577208
577237
577252
577349
577387
577389
577399
577402
577427
577448
577452
577463
577478
577488
577496
577514
577521
577555
577655
577677
577678
577691
577708
577718
577764
577782
577793
577797
577800
577813
577816
577829
577847
577864
577889
577926
577947
577950
577995
578011
578013
578017
578039
578046
578054
578075
578099
578103
578113
578122
578128
578143
578144
578157
578171
578207
578216
578225
578241
578250
578256
578257
578267
578293
578294
578337
578344
578365
578366
578370
578372
578384
578387
578395
578406
578414
578418
578424
578439
578450
578455
578501
578517
578556
578565
578574
578601
578614
578636
578638
578640
578647
578654
578655
578665
578675
578680
578684
578701
578714
578719
578722
578728
578729
578741
578756
578757
578770
578807
578823
578850
578857
578861
578865
578876
578896
578904
578912
578941
578945
578947
578955
578956
578957
579057
579084
579091
579119
579133
579140
579172
579196
579232
579249
579261
579309
579317
579337
579345
579346
579358
579360
579394
579395
579397
579452
579468
579477
579485
579497
579508
579511
579524
579566
579577
579578
579594
579597
579607
579641
579647
579696
579700
579713
579738
579740
579742
579744
579750
579758
579785
579786
579809
579823
579831
579835
579846
579889
579902
579903
579907
579918
579926
579936
579943
579951
579970
579986
580001
580007
580008
580013
580019
580053
580058
580061
580062
580106
580112
580136
580142
580159
580165
580171
580185
580198
580213
580266
580286
580312
580332
580349
580357
580386
580389
580413
580426
580444
580452
580482
580522
580543
580549
580582
580597
580611
580616
580617
580672
580693
580696
580714
580725
580728
580786
580825
580861
580870
580900
580954
580987
580997
581019
581033
581071
581095
581107
581144
581159
581174
581201
581225
581246
581257
581259
581260
581322
581333
581364
581370
581379
581381
581382
581386
581391
581449
581456
581460
581464
581476
581496
581501
581519
581537
581572
581599
581616
581620
581628
581629
581642
581652
581664
581667
581690
581695
581697
581729
581747
581762
581778
581786
581799
581817
581820
581835
581840
581847
581867
581872
581896
581898
581940
581942
581952
581956
581972
581976
582003
582022
582047
582055
582064
582075
582098
582099
582128
582139
582140
582146
582156
582158
582166
582176
582180
582199
582227
582237
582255
582257
582266
582281
582293
582311
582327
582339
582344
582362
582373
582377
582391
582402
582404
582411
582418
582468
582482
582493
582495
582505
582513
582519
582536
582537
582548
582563
582568
582579
582583
582615
582619
582635
582650
582653
582673
582691
582693
582709
582729
582744
582746
582758
582761
582768
582791
582798
582822
582828
582841
582886
582888
582904
582911
582941
582944
582961
582968
583004
583009
583025
583031
583046
583048
583081
583089
583091
583094
583117
583121
583125
583128
583130
583143
583151
583152
583164
583166
583181
583186
583187
583199
583202
583207
583223
583265
583311
583320
583337
583347
583371
583403
583424
583435
583439
583476
583487
583490
583502
583524
583550
583565
583568
583583
583623
583639
583647
583649
583664
583715
583731
583789
583795
583820
583834
583867
583878
583888
583889
583898
583945
583950
583975
583989
584025
584055
584060
584105
584118
584128
584139
584142
584173
584200
584205
584254
584294
584295
584301
584303
584324
584328
584335
584346
584369
584379
584386
584391
584396
584420
584493
584503
584518
584530
584541
584544
584555
584563
584567
584569
584576
584586
584591
584597
584600
584602
584618
584650
584660
584669
584676
584695
584713
584717
584721
584736
584738
584756
584758
584773
584775
584822
584823
584841
584860
584866
584874
584882
584887
584891
584892
584903
584936
584944
584963
584969
584986
585007
585013
585029
585042
585047
585048
585052
585058
585068
585080
585084
585085
585091
585105
585106
585118
585120
585134
585135
585186
585194
585199
585200
585210
585212
585225
585226
585284
585294
585301
585308
585317
585328
585372
585437
585467
585472
585485
585493
585539
585542
585555
585568
585592
585602
585603
585611
585614
585631
585646
585656
585660
585687
585692
585699
585716
585767
585769
585774
585782
585800
585814
585840
585845
585853
585872
585876
585887
585928
585971
585972
585988
585998
586014
586032
586053
586075
586131
586148
586149
586166
586177
586178
586182
586214
586237
586239
586249
586256
586271
586290
586312
586353
586359
586378
586407
586417
586447
586456
586459
586492
586501
586534
586538
586571
586572
586574
586591
586612
586616
586623
586639
586643
586658
586690
586694
586708
586715
586727
586741
586771
586777
586795
586799
586823
586839
586848
586854
586865
586914
586927
586929
586933
586981
586983
586991
587008
587019
587029
587034
587063
587065
587068
587069
587070
587092
587098
587116
587128
587140
587165
587167
587174
587179
587188
587202
587211
587239
587265
587292
587306
587308
587311
587320
587359
587369
587424
587447
587450
587485
587517
587537
587551
587562
587564
587567
587575
587598
587622
587646
587676
587679
587687
587692
587693
587700
587705
587708
587716
587723
587727
587743
587752
587754
587780
587802
587884
587914
587921
587942
587965
588004
588016
588019
588044
588060
588068
588078
588091
588137
588175
588188
588207
588210
588224
588234
588247
588259
588269
588271
588276
588278
588285
588300
588303
588317
588336
588354
588356
588359
588361
588371
588377
588408
588418
588434
588448
588457
588462
588476
588480
588490
588506
588522
588531
588533
588551
588555
588559
588577
588588
588607
588613
588620
588621
588630
588633
588637
588640
588650
588676
588681
588686
588694
588705
588712
588715
588722
588729
588744
588785
588808
588809
588810
588820
588821
588840
588859
588878
588888
588893
588921
588936
588941
588958
588961
588967
589002
589030
589044
589048
589058
589072
589085
589086
589088
589103
589118
589135
589139
589157
589171
589182
589195
589223
589224
589249
589258
589260
589270
589280
589286
589301
589303
589320
589322
589340
589344
589352
589356
589375
589378
589380
589381
589393
589395
589399
589415
589418
589424
589429
589432
589437
589457
589458
589501
589516
589519
589533
589535
589546
589594
589599
589600
589610
589613
589660
589669
589674
589708
589744
589759
589766
589780
589796
589810
589857
589864
589878
589883
589907
589931
589941
589947
589958
589974
589976
589990
590006
590014
590042
590044
590056
590061
590070
590071
590080
590095
590097
590123
590138
590142
590147
590165
590168
590186
590217
590225
590239
590243
590244
590260
590279
590297
590298
590334
590371
590376
590392
590448
590463
590477
590481
590504
590505
590521
590523
590548
590554
590555
590575
590588
590596
590616
590624
590628
590633
590649
590701
590710
590740
590760
590796
590810
590822
590843
590876
590896
590947
590951
590981
590984
590999
591003
591004
591005
591026
591030
591032
591034
591045
591046
591065
591068
591086
591099
591117
591142
591154
591163
591172
591183
591208
591238
591244
591246
591248
591252
591280
591341
591342
591353
591354
591383
591400
591408
591412
591423
591426
591454
591474
591505
591514
591516
591523
591526
591530
591533
591539
591565
591575
591608
591675
591694
591707
591714
591720
591729
591745
591751
591768
591775
591776
591779
591795
591805
591817
591866
591874
591878
591884
591887
591923
591947
591953
591959
591961
591983
591987
591988
592003
592052
592062
592085
592092
592138
592148
592189
592198
592205
592206
592236
592244
592304
592309
592313
592322
592336
592337
592344
592347
592358
592369
592384
592398
592417
592486
592495
592515
592522
592534
592557
592561
592588
592592
592595
592607
592618
592620
592623
592629
592635
592649
592664
592665
592667
592679
592698
592702
592745
592760
592800
592857
592868
592876
592893
592895
592923
592928
592931
592943
592972
592984
593007
593031
593039
593066
593070
593077
593091
593119
593167
593203
593227
593230
593250
593257
593266
593298
593308
593364
593371
593381
593386
593410
593425
593452
593458
593466
593471
593477
593499
593500
593542
593556
593577
593578
593580
593588
593590
593611
593621
593625
593627
593630
593662
593667
593681
593689
593691
593711
593713
593725
593727
593737
593746
593756
593766
593767
593796
593810
593832
593849
593874
593877
593902
593916
593935
593939
593942
593958
593971
593985
593988
593989
593995
593999
594016
594080
594101
594111
594123
594127
594136
594140
594146
594159
594163
594188
594191
594199
594204
594212
594225
594235
594286
594298
594317
594322
594336
594341
594349
594380
594383
594416
594429
594460
594471
594495
594510
594512
594528
594532
594551
594568
594577
594580
594584
594633
594643
594674
594707
594712
594745
594746
594748
594749
594758
594765
594810
594812
594818
594827
594841
594855
594860
594874
594895
594896
594956
594960
594962
594970
594971
594975
595008
595020
595031
595048
595057
595071
595078
595081
595090
595116
595146
595216
595219
595234
595244
595246
595256
595264
595265
595295
595336
595346
595348
595364
595396
595399
595404
595434
595450
595456
595462
595473
595482
595484
595488
595509
595526
595527
595538
595569
595576
595585
595591
595603
595606
595649
595666
595669
595680
595703
595705
595709
595718
595720
595733
595736
595746
595748
595750
595757
595769
595792
595830
595832
595848
595861
595869
595875
595898
595905
595914
595915
595940
595965
595966
595969
595996
596014
596020
596030
596072
596087
596092
596093
596122
596153
596168
596177
596180
596247
596248
596256
596261
596330
596341
596342
596366
596375
596385
596389
596452
596485
596487
596497
596502
596542
596551
596555
596562
596602
596611
596617
596618
596621
596663
596665
596691
596698
596719
596739
596742
596746
596767
596770
596785
596788
596789
596794
596805
596818
596822
596823
596834
596852
596862
596866
596878
596891
596929
596933
596944
596965
596979
597007
597029
597045
597047
597069
597070
597082
597091
597094
597097
597105
597106
597109
597129
597155
597172
597202
597212
597225
597226
597240
597266
597293
597301
597340
597344
597345
597362
597372
597373
597379
597385
597391
597397
597398
597419
597433
597434
597452
597458
597495
597503
597509
597512
597519
597522
597524
597540
597555
597578
597586
597615
597618
597619
597624
597630
597640
597643
597646
597649
597710
597711
597713
597716
597726
597734
597736
597745
597765
597778
597792
597797
597812
597843
597860
597866
597901
597903
597911
597913
597924
597939
597946
597955
597993
598012
598015
598026
598055
598114
598128
598147
598151
598156
598157
598181
598189
598211
598216
598222
598229
598237
598268
598273
598311
598328
598336
598369
598395
598399
598401
598414
598429
598442
598449
598452
598461
598472
598474
598480
598508
598512
598514
598515
598526
598537
598554
598597
598625
598626
598628
598653
598661
598663
598664
598672
598680
598683
598740
598741
598744
598749
598754
598765
598770
598801
598810
598811
598814
598815
598817
598838
598852
598853
598854
598859
598861
598869
598870
598880
598890
598897
598904
598912
598914
598916
598926
598930
598931
598963
598968
599031
599069
599074
599075
599088
599091
599127
599137
599143
599152
599173
599175
599177
599181
599223
599251
599254
599255
599293
599302
599316
599319
599327
599346
599389
599400
599414
599420
599423
599446
599459
599484
599510
599517
599531
599541
599548
599573
599589
599615
599647
599650
599660
599674
599684
599705
599715
599722
599749
599758
599771
599775
599788
599790
599792
599793
599795
599828
599919
599927
599956
599959
599968
599997
599998
599999
