400009
400015
400025
400026
400051
400060
400126
400127
400130
400139
400162
400167
400187
400227
400239
400262
400282
400291
400300
400309
400311
400315
400319
400335
400352
400364
400389
400396
400416
400417
400426
400445
400447
400482
400502
400534
400550
400556
400568
400575
400602
400609
400625
400645
400649
400652
400661
400668
400680
400681
400691
400713
400721
400737
400739
400752
400754
400786
400790
400796
400809
400819
400820
400832
400836
400844
400859
400882
400890
400898
400909
400914
400919
400934
400941
400944
400954
400976
400996
401016
401028
401046
401058
401061
401087
401099
401120
401124
401133
401176
401177
401194
401197
401206
401248
401250
401263
401274
401280
401281
401286
401297
401308
401355
401364
401376
401378
401394
401396
401415
401416
401426
401438
401459
401472
401487
401496
401498
401505
401511
401518
401529
401557
401558
401568
401578
401584
401596
401630
401634
401650
401657
401662
401675
401681
401699
401706
401720
401745
401751
401765
401772
401774
401782
401784
401789
401819
401821
401824
401830
401832
401837
401895
401907
401931
401935
401953
401954
401959
401989
401991
402007
402008
402028
402050
402051
402124
402171
402194
402220
402227
402232
402235
402241
402246
402249
402250
402276
402294
402300
402347
402408
402416
402420
402442
402455
402482
402510
402528
402531
402552
402562
402568
402576
402613
402616
402627
402641
402653
402656
402659
402674
402745
402777
402781
402783
402786
402820
402842
402857
402858
402859
402862
402868
402887
402891
402934
402943
402957
402959
402960
402987
402999
403009
403032
403035
403091
403111
403129
403137
403140
403154
403167
403178
403181
403188
403204
403210
403228
403241
403243
403269
403303
403306
403341
403352
403362
403367
403380
403381
403403
403417
403430
403438
403461
403464
403479
403483
403498
403500
403505
403508
403513
403515
403531
403539
403545
403554
403568
403569
403582
403586
403596
403597
403629
403635
403647
403661
403668
403680
403696
403715
403719
403724
403730
403738
403741
403743
403755
403756
403772
403773
403786
403787
403791
403799
403806
403822
403891
403901
403916
403925
403930
403937
403951
403953
403961
403972
403988
403991
403996
404036
404050
404056
404060
404076
404105
404111
404115
404135
404138
404150
404151
404155
404176
404182
404183
404192
404206
404212
404222
404235
404239
404250
404268
404294
404347
404367
404413
404423
404444
404461
404467
404480
404484
404488
404494
404510
404513
404589
404603
404609
404658
404677
404723
404727
404729
404758
404769
404771
404779
404783
404827
404833
404909
404939
404943
404957
404992
405020
405023
405036
405037
405039
405043
405052
405071
405084
405089
405094
405103
405109
405119
405120
405137
405145
405181
405191
405204
405227
405228
405229
405246
405285
405291
405298
405299
405313
405316
405335
405336
405345
405352
405365
405377
405387
405390
405398
405432
405443
405455
405467
405474
405485
405491
405498
405513
405515
405526
405574
405603
405606
405615
405620
405637
405641
405659
405663
405667
405670
405685
405776
405820
405829
405838
405857
405862
405873
405878
405887
405890
405911
405912
405966
405970
405974
405977
405980
405983
406009
406023
406031
406041
406042
406056
406064
406089
406103
406113
406118
406188
406191
406217
406229
406249
406311
406333
406345
406355
406374
406379
406389
406416
406424
406438
406462
406466
406478
406479
406487
406530
406537
406568
406585
406592
406621
406636
406638
406644
406647
406662
406684
406776
406787
406793
406794
406813
406826
406847
406866
406872
406878
406900
406915
406938
406951
406972
406974
406977
406978
406986
407042
407050
407062
407090
407112
407129
407142
407173
407176
407179
407208
407212
407222
407223
407226
407229
407258
407276
407278
407285
407303
407304
407310
407324
407355
407363
407364
407371
407378
407379
407394
407403
407408
407422
407477
407495
407501
407509
407537
407564
407586
407589
407594
407650
407676
407687
407690
407716
407717
407724
407742
407743
407746
407749
407756
407780
407783
407794
407796
407799
407825
407849
407853
407855
407862
407867
407926
407930
407936
407968
407970
407979
407984
407996
408009
408049
408061
408065
408118
408119
408122
408134
408153
408157
408199
408206
408214
408217
408243
408247
408277
408280
408282
408283
408287
408291
408293
408308
408317
408323
408348
408370
408384
408406
408429
408432
408445
408457
408463
408469
408472
408485
408495
408498
408507
408516
408556
408557
408558
408571
408574
408588
408608
408637
408643
408647
408658
408660
408682
408686
408694
408695
408699
408705
408722
408724
408728
408755
408759
408760
408793
408798
408800
408831
408836
408840
408846
408847
408855
408858
408859
408871
408891
408895
408912
408928
408929
408936
408942
408951
408998
409040
409052
409058
409078
409091
409092
409102
409111
409115
409126
409129
409149
409150
409162
409165
409166
409180
409195
409212
409239
409240
409317
409328
409338
409349
409377
409384
409390
409401
409437
409442
409449
409470
409473
409479
409494
409516
409528
409542
409548
409556
409598
409620
409660
409665
409673
409682
409684
409689
409711
409714
409759
409760
409769
409796
409801
409848
409896
409907
409911
409925
409930
409951
409965
409966
409981
409988
410007
410024
410036
410037
410178
410181
410198
410199
410206
410222
410228
410245
410255
410316
410326
410346
410350
410362
410406
410410
410414
410444
410448
410489
410498
410507
410528
410536
410539
410543
410548
410557
410566
410567
410569
410584
410594
410610
410613
410614
410626
410644
410649
410650
410664
410689
410692
410707
410718
410735
410737
410747
410754
410773
410777
410778
410792
410794
410795
410825
410837
410919
410921
410970
411003
411011
411015
411044
411048
411050
411069
411075
411078
411090
411116
411123
411147
411209
411213
411240
411243
411270
411273
411274
411282
411283
411286
411295
411301
411358
411368
411381
411384
411398
411399
411410
411414
411437
411441
411458
411513
411544
411552
411556
411568
411593
411598
411603
411604
411646
411647
411653
411692
411710
411717
411752
411755
411756
411759
411790
411791
411838
411841
411864
411868
411876
411887
411896
411926
411940
411949
411955
411960
411974
411980
411981
411983
412072
412081
412102
412109
412134
412141
412193
412198
412207
412242
412243
412246
412263
412273
412275
412282
412346
412347
412348
412359
412382
412394
412407
412413
412418
412428
412435
412489
412508
412509
412511
412525
412535
412551
412570
412585
412628
412630
412643
412644
412726
412735
412737
412738
412759
412776
412781
412803
412819
412827
412840
412866
412912
412926
412963
412978
412995
412999
413007
413029
413038
413047
413144
413151
413202
413204
413230
413246
413256
413265
413319
413357
413380
413385
413405
413420
413473
413483
413505
413530
413533
413545
413547
413561
413565
413582
413599
413619
413625
413631
413632
413639
413651
413673
413688
413699
413715
413755
413783
413797
413819
413825
413839
413852
413885
413912
413921
413932
413939
413948
413958
413965
413968
414011
414058
414081
414094
414101
414139
414148
414150
414157
414173
414176
414197
414205
414216
414219
414226
414243
414246
414247
414260
414263
414265
414266
414272
414303
414317
414320
414322
414364
414397
414398
414428
414445
414449
414450
414455
414530
414533
414537
414543
414562
414571
414574
414591
414622
414662
414707
414716
414724
414726
414729
414733
414750
414752
414809
414826
414836
414873
414875
414919
414972
414977
414988
414993
415007
415047
415071
415086
415092
415094
415102
415126
415167
415172
415183
415232
415236
415240
415242
415262
415276
415278
415291
415300
415304
415315
415327
415333
415337
415342
415357
415375
415413
415434
415443
415466
415477
415484
415492
415495
415510
415529
415531
415534
415548
415551
415558
415605
415630
415649
415650
415667
415677
415689
415719
415754
415776
415796
415818
415840
415849
415863
415865
415874
415877
415891
415935
415950
415960
415961
415968
416006
416007
416013
416035
416041
416046
416054
416056
416057
416059
416061
416077
416106
416123
416131
416170
416176
416182
416186
416190
416313
416319
416327
416328
416331
416344
416352
416361
416397
416402
416406
416412
416436
416475
416488
416494
416520
416533
416552
416557
416565
416573
416574
416577
416602
416618
416632
416634
416646
416661
416671
416673
416722
416754
416765
416809
416820
416825
416831
416835
416873
416874
416881
416886
416888
416901
416914
416946
416948
416955
416967
416980
416992
417013
417020
417028
417033
417034
417039
417040
417063
417078
417103
417105
417130
417168
417171
417182
417208
417213
417242
417276
417277
417299
417368
417381
417403
417407
417408
417424
417453
417455
417476
417498
417513
417521
417555
417568
417572
417578
417584
417601
417638
417650
417655
417662
417664
417671
417677
417681
417682
417693
417700
417729
417749
417764
417775
417790
417810
417812
417818
417859
417886
417892
417902
417909
417922
417933
417936
417950
417968
417970
418002
418006
418018
418049
418071
418110
418122
418125
418128
418145
418169
418190
418205
418212
418223
418252
418258
418270
418298
418302
418305
418307
418343
418349
418382
418400
418412
418419
418439
418441
418449
418458
418486
418517
418518
418527
418542
418546
418555
418591
418630
418639
418659
418664
418713
418758
418786
418815
418824
418830
418844
418848
418882
418886
418897
418920
418928
418930
418939
418970
418987
418989
419001
419006
419034
419092
419117
419119
419154
419197
419213
419228
419231
419238
419258
419268
419276
419290
419313
419317
419322
419328
419377
419390
419395
419413
419423
419429
419442
419468
419487
419495
419499
419500
419504
419514
419528
419545
419555
419577
419598
419611
419631
419639
419642
419678
419679
419681
419699
419709
419731
419762
419778
419792
419810
419851
419869
419877
419884
419908
419910
419919
419923
419931
419933
419958
419983
420007
420017
420018
420061
420073
420086
420088
420136
420140
420152
420162
420166
420201
420215
420220
420223
420248
420250
420284
420285
420293
420297
420304
420312
420334
420344
420346
420352
420355
420397
420434
420453
420508
420534
420551
420615
420619
420637
420640
420685
420713
420736
420741
420773
420801
420834
420846
420859
420863
420871
420885
420886
420892
420901
420990
421046
421063
421084
421092
421120
421139
421158
421176
421189
421223
421226
421277
421296
421300
421301
421327
421328
421342
421350
421355
421365
421413
421414
421432
421456
421494
421503
421505
421513
421550
421564
421576
421611
421618
421634
421642
421678
421698
421719
421729
421733
421747
421748
421770
421824
421829
421855
421856
421867
421871
421923
421938
421944
421959
422011
422023
422034
422047
422078
422082
422089
422091
422102
422109
422113
422115
422160
422201
422204
422208
422212
422221
422227
422249
422264
422275
422282
422294
422299
422301
422302
422329
422333
422338
422364
422375
422378
422414
422416
422455
422456
422463
422468
422484
422504
422510
422518
422542
422552
422558
422563
422618
422620
422641
422657
422669
422673
422698
422705
422718
422743
422748
422767
422771
422785
422787
422796
422820
422859
422888
422890
422893
422903
422922
422966
422982
422990
422994
423000
423004
423024
423050
423053
423078
423091
423118
423125
423154
423166
423169
423186
423202
423206
423217
423238
423243
423261
423279
423298
423305
423306
423310
423322
423346
423362
423370
423376
423389
423398
423399
423403
423412
423414
423426
423450
423482
423511
423516
423520
423524
423532
423549
423561
423594
423616
423620
423632
423652
423658
423664
423704
423712
423725
423749
423753
423757
423762
423795
423837
423852
423859
423860
423861
423867
423888
423896
423900
423933
423941
423942
423981
423988
423991
423995
424059
424082
424087
424094
424128
424131
424137
424154
424157
424159
424178
424228
424252
424263
424332
424334
424335
424366
424391
424392
424406
424411
424415
424437
424459
424460
424474
424496
424509
424510
424515
424532
424540
424563
424581
424585
424604
424611
424614
424618
424629
424635
424660
424687
424695
424725
424729
424744
424750
424755
424763
424764
424771
424808
424833
424848
424870
424877
424886
424897
424915
424929
424932
424938
424943
424953
424963
424976
425014
425029
425070
425078
425081
425098
425103
425112
425114
425160
425190
425212
425215
425223
425262
425268
425276
425318
425321
425325
425329
425337
425346
425383
425391
425405
425431
425457
425470
425489
425494
425507
425526
425549
425567
425572
425580
425599
425603
425635
425636
425641
425645
425647
425665
425672
425688
425690
425691
425708
425723
425726
425752
425761
425768
425849
425865
425875
425877
425891
425914
425921
425925
425940
425955
425962
425963
425998
426019
426026
426028
426047
426061
426065
426068
426071
426075
426085
426086
426118
426194
426206
426213
426228
426240
426252
426275
426299
426300
426327
426334
426343
426353
426368
426388
426392
426410
426430
426439
426477
426532
426545
426547
426567
426593
426605
426608
426630
426640
426648
426666
426670
426685
426696
426700
426720
426741
426748
426751
426761
426775
426784
426786
426824
426846
426867
426881
426895
426900
426957
426963
426993
426997
427004
427017
427023
427028
427053
427086
427092
427107
427126
427158
427195
427235
427240
427251
427252
427274
427292
427298
427310
427314
427315
427323
427325
427350
427355
427357
427378
427420
427430
427435
427453
427479
427497
427500
427503
427520
427524
427549
427566
427587
427622
427637
427645
427646
427675
427696
427703
427718
427724
427732
427736
427741
427748
427756
427758
427764
427775
427782
427785
427821
427850
427879
427893
427909
427941
427946
427965
427974
427993
427994
428001
428002
428005
428012
428024
428028
428033
428034
428044
428045
428058
428060
428065
428095
428126
428136
428159
428171
428194
428198
428211
428213
428233
428235
428273
428283
428301
428319
428333
428336
428346
428350
428364
428388
428432
428450
428452
428472
428474
428475
428488
428506
428509
428523
428543
428567
428570
428574
428620
428628
428644
428663
428697
428712
428715
428717
428736
428740
428765
428778
428829
428836
428842
428844
428868
428906
428911
428920
428936
428941
428956
428974
429024
429051
429064
429065
429105
429118
429176
429183
429193
429204
429215
429216
429233
429250
429258
429265
429269
429290
429293
429325
429328
429353
429412
429455
429463
429479
429511
429515
429529
429551
429570
429586
429592
429600
429604
429620
429624
429634
429645
429660
429668
429671
429674
429680
429686
429690
429711
429733
429743
429751
429781
429796
429815
429816
429839
429850
429877
429885
429911
429981
430000
430007
430023
430025
430029
430036
430066
430073
430096
430110
430126
430133
430155
430157
430164
430167
430172
430177
430184
430205
430207
430208
430220
430224
430243
430261
430293
430304
430376
430383
430384
430386
430397
430408
430417
430460
430461
430477
430480
430494
430528
430529
430594
430597
430620
430624
430640
430647
430659
430685
430702
430703
430706
430716
430719
430724
430726
430728
430732
430743
430767
430768
430773
430795
430821
430834
430844
430873
430874
430880
430896
430915
430921
430925
430958
430976
430982
430986
431010
431012
431016
431017
431038
431041
431050
431068
431071
431077
431096
431157
431169
431207
431211
431214
431219
431230
431243
431251
431276
431313
431320
431325
431334
431358
431360
431381
431382
431388
431391
431415
431475
431489
431561
431570
431579
431585
431603
431605
431610
431624
431644
431647
431657
431689
431692
431697
431699
431715
431723
431724
431766
431772
431779
431800
431802
431849
431856
431858
431863
431866
431868
431889
431891
431896
431993
432016
432034
432038
432062
432088
432099
432101
432104
432107
432154
432158
432179
432197
432220
432247
432249
432250
432251
432267
432279
432287
432293
432309
432342
432350
432360
432361
432364
432374
432408
432451
432460
432471
432481
432506
432521
432528
432560
432563
432579
432602
432603
432608
432623
432626
432638
432641
432649
432666
432672
432708
432710
432719
432726
432727
432728
432729
432733
432737
432740
432748
432758
432759
432773
432782
432792
432804
432808
432814
432816
432826
432847
432849
432882
432890
432926
432928
432929
432945
432947
432948
432957
432974
432985
432996
433001
433003
433010
433014
433019
433052
433058
433062
433082
433084
433087
433109
433114
433126
433140
433143
433177
433203
433212
433238
433247
433256
433271
433277
433310
433314
433322
433326
433363
433364
433388
433400
433478
433488
433495
433525
433532
433569
433579
433586
433596
433644
433658
433666
433669
433689
433705
433712
433717
433731
433757
433814
433830
433843
433854
433856
433863
433880
433932
433943
433974
434048
434080
434081
434092
434093
434098
434110
434137
434146
434149
434162
434185
434201
434204
434210
434239
434241
434280
434303
434306
434307
434308
434321
434328
434341
434369
434379
434380
434384
434416
434428
434447
434470
434473
434475
434489
434510
434515
434516
434520
434538
434544
434550
434584
434587
434595
434611
434624
434625
434670
434698
434723
434725
434730
434735
434749
434750
434756
434760
434765
434774
434779
434786
434789
434792
434808
434819
434820
434833
434841
434857
434870
434927
434933
434935
434942
434948
434958
434960
434964
434983
434996
434999
435056
435061
435062
435063
435068
435073
435080
435099
435110
435120
435124
435144
435151
435155
435160
435162
435175
435206
435210
435231
435266
435276
435281
435300
435306
435332
435333
435353
435356
435367
435388
435391
435393
435405
435406
435410
435411
435412
435425
435428
435443
435448
435458
435467
435469
435478
435494
435513
435526
435528
435572
435582
435613
435618
435648
435661
435691
435715
435736
435739
435750
435751
435759
435816
435845
435846
435859
435885
435914
435921
435933
435950
435981
435989
436000
436045
436059
436072
436114
436120
436132
436143
436150
436160
436166
436168
436181
436183
436186
436203
436224
436248
436261
436264
436274
436276
436292
436320
436329
436337
436345
436358
436359
436367
436369
436385
436457
436461
436462
436473
436484
436514
436515
436523
436530
436542
436549
436563
436580
436591
436613
436660
436669
436721
436724
436748
436766
436769
436786
436792
436804
436890
436901
436905
436941
436942
436991
436992
436997
437003
437016
437040
437047
437060
437063
437092
437114
437135
437136
437139
437141
437176
437178
437196
437211
437216
437235
437237
437240
437274
437303
437306
437314
437320
437327
437344
437356
437368
437378
437418
437453
437459
437465
437470
437473
437496
437497
437499
437522
437559
437580
437610
437619
437628
437653
437656
437681
437682
437686
437699
437733
437763
437774
437785
437803
437823
437835
437836
437841
437845
437861
437888
437893
437908
437916
437981
437990
438004
438019
438024
438032
438037
438060
438062
438073
438084
438131
438156
438175
438177
438178
438184
438192
438199
438203
438210
438226
438247
438252
438258
438277
438282
438312
438322
438346
438352
438374
438389
438390
438403
438406
438436
438449
438455
438461
438464
438472
438504
438543
438576
438598
438608
438621
438644
438663
438665
438670
438680
438681
438691
438702
438715
438739
438755
438767
438771
438795
438799
438823
438841
438848
438854
438859
438871
438873
438892
438912
438913
438938
438966
438983
438989
439036
439048
439052
439106
439141
439154
439177
439209
439211
439223
439225
439227
439233
439242
439249
439254
439256
439298
439305
439311
439347
439364
439370
439388
439441
439443
439446
439465
439473
439490
439492
439497
439560
439564
439575
439585
439592
439598
439607
439675
439676
439710
439715
439729
439772
439785
439793
439794
439842
439845
439862
439865
439868
439883
439905
439919
439921
439922
439958
440005
440015
440020
440022
440025
440045
440087
440111
440117
440118
440131
440134
440154
440170
440172
440205
440216
440220
440221
440223
440263
440267
440280
440283
440292
440302
440358
440386
440405
440412
440419
440438
440448
440458
440461
440477
440481
440492
440497
440500
440506
440517
440528
440578
440579
440634
440656
440662
440669
440670
440694
440720
440731
440781
440787
440788
440856
440860
440879
440881
440914
440936
440938
440955
440983
440998
441004
441009
441026
441028
441033
441133
441152
441164
441176
441182
441198
441200
441206
441221
441223
441229
441293
441314
441364
441371
441383
441391
441406
441410
441427
441482
441486
441505
441517
441519
441564
441602
441603
441611
441613
441615
441623
441624
441634
441655
441661
441684
441696
441716
441725
441727
441738
441767
441775
441779
441786
441792
441802
441803
441804
441825
441841
441881
441888
441896
441905
441907
441916
441926
441948
441952
441955
441956
442002
442004
442006
442014
442019
442036
442069
442089
442093
442097
442105
442114
442137
442149
442162
442168
442176
442179
442194
442197
442200
442242
442252
442258
442278
442279
442282
442296
442336
442337
442341
442360
442394
442396
442402
442412
442424
442442
442452
442459
442460
442473
442477
442496
442504
442518
442536
442552
442569
442582
442607
442613
442615
442630
442645
442648
442689
442694
442700
442703
442756
442814
442837
442846
442854
442856
442857
442862
442887
442916
442919
442956
442980
442992
442996
443003
443004
443038
443041
443045
443057
443076
443113
443174
443197
443216
443232
443235
443242
443254
443259
443261
443269
443291
443345
443346
443398
443415
443416
443432
443441
443445
443456
443459
443470
443487
443562
443569
443570
443581
443597
443604
443631
443652
443665
443692
443704
443715
443720
443723
443763
443767
443772
443773
443779
443796
443800
443805
443810
443815
443838
443846
443863
443868
443892
443898
443900
443904
443927
443928
443939
443975
443978
443988
444005
444033
444057
444068
444069
444071
444143
444145
444146
444152
444163
444184
444185
444211
444212
444236
444241
444242
444262
444267
444296
444308
444312
444341
444362
444416
444444
444462
444475
444482
444528
444537
444551
444565
444607
444608
444639
444648
444656
444682
444692
444699
444716
444730
444732
444737
444740
444742
444758
444763
444764
444766
444778
444786
444816
444834
444869
444906
444910
444913
444926
444929
444939
444954
444962
444967
444995
445006
445010
445028
445032
445036
445050
445097
445107
445130
445144
445170
445208
445215
445218
445255
445286
445301
445307
445315
445327
445354
445367
445370
445371
445386
445389
445400
445412
445413
445415
445423
445428
445461
445465
445518
445535
445547
445549
445560
445574
445590
445594
445618
445632
445680
445686
445701
445703
445709
445711
445715
445720
445721
445728
445750
445774
445792
445817
445822
445824
445845
445871
445884
445891
445892
445898
445902
445908
445927
445952
445964
445972
446000
446014
446017
446037
446050
446052
446059
446064
446091
446093
446101
446105
446124
446135
446154
446158
446167
446173
446177
446183
446215
446228
446240
446244
446289
446308
446337
446340
446355
446377
446386
446389
446425
446426
446441
446445
446480
446486
446492
446505
446509
446512
446514
446521
446522
446544
446559
446565
446580
446585
446590
446593
446610
446622
446629
446633
446644
446647
446664
446673
446688
446714
446716
446743
446769
446828
446864
446883
446936
446939
446944
446957
446979
446992
446995
447000
447019
447044
447050
447100
447121
447133
447173
447195
447218
447248
447267
447276
447302
447307
447313
447328
447331
447333
447343
447352
447364
447377
447385
447430
447446
447452
447482
447514
447550
447556
447591
447592
447597
447600
447613
447671
447677
447698
447707
447755
447757
447764
447782
447783
447787
447798
447809
447827
447856
447857
447882
447886
447892
447921
447958
447959
448009
448023
448089
448090
448106
448114
448121
448142
448146
448150
448163
448183
448196
448198
448200
448210
448212
448244
448263
448284
448296
448299
448310
448332
448344
448345
448347
448396
448412
448417
448430
448434
448463
448483
448485
448494
448496
448497
448506
448515
448516
448521
448522
448523
448531
448541
448568
448571
448574
448600
448610
448611
448623
448630
448681
448689
448708
448715
448741
448745
448750
448751
448759
448765
448770
448800
448819
448841
448853
448869
448870
448882
448924
448942
448944
448954
448961
448967
448981
448994
448999
449003
449006
449029
449042
449046
449049
449051
449068
449076
449086
449098
449105
449114
449122
449129
449152
449201
449207
449211
449219
449221
449233
449234
449286
449293
449321
449339
449340
449341
449348
449351
449363
449370
449383
449404
449458
449469
449476
449488
449489
449513
449519
449537
449550
449570
449587
449612
449639
449653
449657
449673
449696
449698
449700
449715
449717
449744
449752
449781
449783
449811
449812
449819
449826
449830
449833
449835
449864
449899
449923
449926
449936
449960
449965
449975
449986
449987
450003
450006
450012
450015
450029
450051
450073
450079
450087
450148
450188
450221
450235
450236
450252
450259
450278
450308
450320
450323
450324
450339
450345
450351
450353
450370
450419
450423
450424
450425
450430
450438
450472
450477
450490
450500
450506
450516
450519
450520
450537
450550
450560
450624
450625
450628
450633
450650
450654
450671
450672
450693
450720
450742
450754
450761
450770
450780
450782
450814
450831
450862
450872
450886
450902
450905
450916
450919
450922
450931
450943
450977
450985
450995
451019
451020
451028
451032
451048
451118
451125
451135
451141
451149
451178
451190
451202
451209
451225
451264
451275
451295
451354
451367
451405
451452
451455
451485
451499
451517
451534
451554
451557
451581
451603
451627
451640
451655
451660
451662
451672
451676
451683
451765
451767
451771
451786
451792
451793
451819
451821
451855
451859
451862
451866
451869
451887
451891
451897
451909
451930
451955
451971
451978
452022
452023
452028
452030
452042
452100
452110
452133
452166
452183
452189
452194
452199
452210
452219
452250
452267
452301
452326
452393
452400
452416
452424
452444
452445
452461
452488
452505
452523
452526
452527
452549
452556
452562
452633
452647
452678
452681
452688
452704
452715
452724
452727
452732
452750
452752
452798
452807
452809
452838
452853
452863
452869
452880
452882
452890
452896
452897
452899
452908
452913
452939
452940
452945
452952
452958
452960
452975
452979
452981
453040
453071
453075
453084
453092
453093
453099
453127
453145
453146
453176
453197
453204
453205
453209
453215
453224
453242
453297
453303
453312
453318
453327
453341
453345
453347
453366
453389
453390
453401
453405
453431
453455
453460
453471
453481
453503
453520
453531
453550
453628
453648
453717
453734
453787
453816
453832
453852
453875
453878
453892
453938
453953
453959
453962
453965
453989
454012
454019
454036
454037
454039
454050
454057
454072
454088
454098
454110
454113
454167
454176
454178
454189
454192
454207
454236
454360
454385
454401
454418
454449
454454
454472
454537
454557
454563
454566
454578
454600
454601
454606
454621
454627
454643
454653
454679
454717
454721
454733
454754
454764
454769
454778
454781
454791
454794
454841
454843
454845
454854
454860
454861
454863
454867
454894
454914
454916
454921
454922
454931
454967
454982
455002
455014
455016
455028
455042
455046
455056
455064
455082
455086
455091
455097
455115
455121
455123
455144
455155
455167
455180
455182
455184
455194
455200
455245
455302
455307
455308
455310
455339
455341
455343
455349
455354
455356
455375
455378
455379
455380
455389
455412
455421
455437
455456
455465
455477
455492
455513
455526
455534
455542
455559
455565
455581
455627
455633
455675
455683
455695
455714
455753
455799
455864
455870
455886
455891
455897
455911
455917
455938
455957
455958
455967
455975
455979
455990
455998
456008
456022
456054
456076
456077
456078
456095
456097
456112
456115
456160
456167
456186
456190
456194
456200
456203
456276
456280
456286
456292
456297
456307
456320
456360
456364
456368
456390
456400
456444
456452
456471
456481
456503
456512
456518
456522
456525
456542
456564
456584
456586
456615
456621
456636
456651
456678
456681
456709
456716
456717
456719
456720
456728
456743
456780
456791
456797
456820
456829
456835
456860
456872
456886
456904
456952
456963
456970
457006
457008
457018
457024
457033
457036
457047
457064
457075
457082
457090
457097
457138
457142
457156
457160
457242
457247
457248
457255
457292
457334
457342
457370
457375
457380
457391
457399
457425
457438
457447
457448
457477
457511
457593
457605
457606
457628
457634
457696
457702
457714
457718
457722
457733
457739
457760
457786
457808
457811
457813
457815
457830
457846
457877
457878
457888
457909
457912
457920
457933
457947
457977
457981
458000
458002
458031
458037
458047
458055
458062
458068
458077
458115
458128
458191
458192
458210
458227
458235
458241
458272
458294
458303
458310
458336
458348
458350
458372
458374
458395
458414
458444
458449
458501
458509
458513
458527
458533
458537
458544
458555
458562
458583
458591
458597
458614
458616
458626
458627
458647
458658
458675
458698
458702
458710
458734
458737
458767
458771
458791
458792
458802
458815
458845
458853
458870
458872
458893
458916
458932
458946
458974
459009
459013
459020
459042
459045
459075
459076
459109
459153
459161
459163
459166
459168
459178
459192
459194
459202
459206
459221
459234
459247
459257
459259
459288
459292
459317
459338
459343
459346
459360
459391
459428
459431
459436
459452
459455
459461
459508
459512
459548
459564
459568
459569
459580
459599
459606
459611
459652
459663
459668
459672
459675
459683
459738
459742
459751
459755
459788
459798
459831
459850
459861
459876
459905
459919
459931
459975
459988
459994
460008
460053
460082
460088
460092
460094
460096
460103
460109
460134
460139
460166
460176
460237
460240
460251
460269
460279
460287
460299
460340
460370
460396
460400
460415
460452
460480
460486
460496
460511
460522
460524
460533
460538
460542
460566
460568
460569
460580
460599
460629
460635
460645
460653
460663
460676
460678
460728
460737
460771
460779
460792
460805
460806
460835
460837
460858
460880
460882
460911
460924
460931
460932
460933
460935
460942
460943
460953
460963
460973
460980
460995
460996
461043
461054
461120
461127
461144
461145
461187
461190
461193
461204
461239
461253
461259
461268
461320
461339
461342
461346
461347
461357
461367
461386
461387
461414
461481
461489
461528
461534
461535
461541
461581
461594
461654
461656
461707
461715
461736
461760
461784
461785
461786
461807
461813
461821
461856
461862
461878
461890
461906
461933
461949
461968
461984
462000
462003
462031
462035
462050
462060
462066
462088
462089
462092
462097
462107
462123
462128
462146
462147
462157
462165
462172
462190
462192
462217
462227
462250
462253
462261
462291
462306
462325
462337
462348
462356
462428
462437
462457
462461
462463
462486
462499
462504
462548
462575
462583
462599
462611
462625
462629
462636
462651
462653
462658
462668
462682
462693
462695
462708
462728
462762
462769
462772
462809
462834
462847
462856
462861
462869
462878
462892
462911
462930
462935
462958
462966
462992
462998
463001
463011
463019
463031
463036
463041
463069
463073
463075
463098
463106
463135
463155
463178
463192
463208
463223
463226
463249
463265
463280
463282
463289
463315
463318
463320
463342
463382
463385
463400
463414
463416
463429
463531
463563
463588
463600
463605
463629
463632
463635
463660
463681
463691
463692
463710
463718
463719
463738
463739
463754
463758
463760
463768
463791
463840
463854
463906
463926
463935
463940
463959
463991
464003
464029
464035
464052
464055
464108
464131
464161
464191
464194
464199
464207
464208
464219
464234
464269
464283
464309
464315
464339
464346
464361
464369
464384
464408
464411
464413
464430
464435
464436
464473
464475
464481
464484
464489
464526
464584
464590
464601
464604
464607
464615
464662
464682
464684
464693
464711
464714
464728
464763
464770
464771
464779
464798
464817
464819
464843
464859
464868
464873
464874
464906
464918
464921
464923
464941
464992
465009
465030
465035
465049
465056
465058
465094
465096
465109
465121
465166
465176
465195
465196
465211
465213
465220
465240
465256
465317
465319
465340
465384
465387
465390
465394
465423
465444
465489
465495
465549
465550
465561
465562
465566
465580
465581
465586
465588
465593
465607
465624
465634
465647
465658
465680
465700
465704
465705
465735
465745
465752
465753
465760
465766
465772
465818
465830
465848
465860
465871
465878
465893
465940
465942
465943
465952
465980
465995
466010
466011
466019
466024
466032
466053
466061
466062
466070
466108
466136
466164
466206
466211
466224
466232
466237
466250
466270
466273
466279
466298
466305
466306
466311
466313
466316
466333
466344
466345
466346
466354
466355
466362
466374
466395
466408
466413
466414
466432
466457
466475
466482
466490
466494
466497
466502
466504
466525
466528
466575
466586
466600
466607
466618
466651
466663
466666
466688
466714
466734
466757
466798
466803
466805
466807
466816
466824
466867
466885
466904
466932
466945
466967
466995
467002
467039
467050
467059
467063
467068
467081
467086
467100
467103
467107
467117
467122
467123
467124
467154
467179
467192
467205
467217
467228
467235
467260
467265
467273
467287
467292
467316
467348
467408
467411
467429
467430
467432
467476
467486
467521
467537
467545
467552
467558
467574
467605
467622
467626
467655
467674
467685
467698
467714
467731
467796
467799
467802
467809
467834
467847
467873
467891
467898
467916
467942
467949
467953
467954
467986
467987
468001
468015
468017
468034
468036
468038
468047
468056
468063
468094
468109
468121
468133
468143
468165
468207
468225
468230
468232
468250
468274
468360
468367
468382
468388
468408
468436
468437
468454
468506
468517
468554
468576
468581
468582
468584
468592
468596
468608
468612
468623
468627
468648
468661
468662
468673
468698
468709
468723
468733
468740
468744
468756
468757
468773
468776
468782
468790
468791
468793
468803
468821
468823
468825
468836
468849
468859
468860
468904
468907
468926
468943
468947
468952
468977
469019
469023
469030
469035
469072
469089
469128
469130
469132
469145
469152
469154
469170
469179
469190
469208
469242
469251
469252
469264
469303
469309
469321
469323
469329
469331
469333
469344
469345
469349
469383
469392
469393
469413
469424
469427
469451
469462
469467
469512
469518
469519
469541
469559
469581
469603
469611
469621
469638
469652
469656
469660
469664
469680
469695
469706
469719
469754
469762
469796
469805
469812
469819
469828
469834
469846
469858
469878
469889
469930
469933
469940
469954
470007
470022
470029
470047
470060
470085
470106
470112
470120
470122
470131
470135
470147
470156
470161
470173
470196
470207
470214
470230
470266
470273
470283
470300
470301
470317
470334
470348
470383
470390
470392
470423
470424
470462
470483
470486
470502
470534
470574
470581
470582
470583
470587
470614
470619
470626
470630
470632
470636
470638
470657
470662
470670
470693
470694
470707
470710
470720
470755
470813
470819
470827
470830
470841
470870
470875
470897
470916
470923
470925
470930
470955
470975
470981
470984
471005
471006
471009
471012
471013
471018
471019
471031
471038
471048
471053
471090
471092
471110
471122
471154
471173
471182
471191
471234
471260
471264
471266
471327
471337
471342
471353
471359
471385
471437
471477
471496
471499
471501
471509
471512
471546
471548
471549
471591
471593
471626
471628
471656
471659
471688
471705
471749
471764
471803
471835
471843
471846
471861
471891
471940
471955
471964
471973
472007
472013
472017
472018
472025
472064
472081
472095
472104
472175
472240
472278
472279
472286
472294
472310
472319
472342
472343
472351
472359
472366
472409
472411
472454
472467
472505
472601
472622
472633
472661
472700
472704
472710
472716
472746
472792
472815
472816
472817
472854
472880
472884
472885
472910
472914
472922
472924
472926
472954
472986
472990
473013
473019
473030
473032
473043
473069
473122
473136
473163
473169
473192
473221
473232
473245
473320
473335
473342
473346
473380
473397
473416
473428
473434
473437
473445
473450
473497
473503
473513
473514
473549
473587
473604
473608
473641
473647
473655
473656
473676
473711
473721
473730
473731
473756
473768
473780
473796
473818
473820
473821
473827
473879
473915
473916
473929
473936
473943
473961
473982
474001
474042
474052
474091
474102
474121
474130
474131
474138
474143
474146
474157
474161
474162
474166
474168
474189
474200
474201
474213
474219
474223
474228
474255
474256
474258
474277
474296
474312
474326
474350
474374
474401
474435
474438
474449
474470
474472
474474
474475
474495
474502
474537
474565
474569
474600
474610
474643
474661
474672
474702
474744
474755
474758
474813
474825
474827
474845
474850
474859
474868
474927
474938
474963
474972
474978
475010
475033
475062
475071
475092
475141
475164
475167
475181
475184
475288
475295
475296
475311
475329
475353
475359
475364
475408
475429
475435
475443
475449
475452
475470
475480
475498
475504
475534
475583
475597
475601
475618
475625
475635
475637
475640
475650
475651
475653
475660
475699
475720
475728
475745
475746
475749
475775
475795
475797
475905
475906
475909
475916
475921
475922
475941
475964
475982
476025
476052
476057
476062
476065
476113
476128
476148
476149
476164
476169
476205
476214
476221
476233
476244
476279
476305
476310
476317
476322
476367
476391
476395
476403
476412
476416
476421
476424
476438
476450
476452
476460
476462
476465
476498
476511
476522
476524
476549
476552
476558
476563
476577
476594
476621
476669
476683
476688
476704
476721
476729
476735
476738
476740
476742
476747
476769
476775
476786
476813
476815
476829
476848
476854
476873
476893
476909
476921
476922
476927
476942
476954
476981
477003
477013
477016
477023
477039
477057
477058
477077
477087
477103
477132
477139
477161
477170
477195
477199
477201
477202
477228
477229
477234
477250
477256
477269
477283
477286
477298
477308
477311
477316
477333
477335
477352
477385
477392
477404
477410
477417
477426
477433
477472
477481
477491
477511
477515
477519
477523
477533
477536
477556
477578
477603
477612
477620
477621
477631
477637
477638
477653
477718
477751
477768
477782
477801
477804
477812
477817
477832
477871
477925
477935
477941
477960
477980
477988
478010
478011
478014
478044
478046
478113
478138
478141
478189
478220
478225
478228
478258
478265
478277
478280
478287
478315
478322
478325
478333
478342
478346
478351
478365
478369
478375
478381
478385
478411
478412
478428
478433
478492
478500
478504
478533
478543
478564
478566
478590
478616
478635
478637
478642
478678
478679
478681
478722
478733
478757
478763
478790
478812
478822
478838
478841
478849
478884
478899
478953
478969
478979
478982
478989
479010
479046
479051
479084
479087
479091
479128
479166
479169
479174
479191
479196
479210
479229
479230
479235
479236
479238
479253
479255
479263
479272
479282
479308
479334
479350
479354
479368
479369
479378
479381
479416
479422
479454
479467
479469
479475
479486
479488
479489
479568
479571
479588
479660
479692
479703
479718
479729
479757
479765
479794
479803
479845
479861
479864
479889
479915
479916
479917
479928
479932
479938
479954
479960
479962
479982
479986
480005
480028
480030
480041
480072
480074
480076
480090
480099
480132
480134
480171
480188
480196
480201
480269
480293
480309
480352
480369
480384
480385
480398
480427
480438
480468
480478
480512
480539
480543
480556
480588
480604
480605
480615
480617
480630
480636
480709
480716
480726
480732
480734
480756
480762
480766
480813
480819
480852
480883
480884
480898
480902
480916
480930
480945
480949
480951
481007
481009
481025
481037
481069
481088
481114
481132
481146
481152
481154
481166
481178
481186
481196
481202
481215
481219
481282
481287
481320
481345
481365
481367
481381
481383
481414
481420
481427
481443
481479
481484
481495
481509
481526
481536
481543
481554
481563
481571
481575
481589
481590
481597
481599
481623
481626
481689
481699
481726
481728
481732
481752
481760
481794
481847
481885
481893
481897
481898
481914
481932
481938
481943
481945
481946
481952
481953
481980
481981
481988
481993
481997
482040
482050
482063
482092
482094
482108
482113
482134
482135
482156
482172
482182
482203
482240
482257
482270
482282
482288
482291
482305
482312
482315
482325
482328
482344
482345
482360
482367
482368
482369
482370
482371
482402
482489
482493
482495
482500
482507
482540
482558
482559
482576
482580
482589
482598
482599
482601
482610
482631
482637
482667
482668
482692
482695
482698
482714
482724
482730
482741
482753
482803
482812
482814
482817
482833
482851
482899
482910
482913
482919
482922
482924
482926
482930
482931
482952
482977
483007
483042
483054
483062
483065
483077
483094
483106
483110
483129
483131
483159
483171
483212
483242
483256
483262
483265
483291
483293
483339
483363
483387
483400
483401
483434
483473
483486
483488
483522
483547
483556
483563
483580
483595
483599
483600
483609
483612
483629
483633
483644
483646
483660
483661
483678
483706
483713
483731
483733
483735
483757
483804
483833
483840
483863
483874
483888
483896
483899
483901
483922
483933
483949
483967
483985
483995
484002
484018
484029
484038
484044
484045
484060
484070
484073
484085
484129
484142
484149
484154
484174
484182
484194
484210
484213
484214
484235
484263
484277
484282
484287
484309
484315
484323
484328
484340
484346
484352
484359
484363
484364
484414
484416
484481
484508
484515
484518
484527
484531
484625
484644
484654
484685
484700
484704
484708
484724
484726
484735
484743
484754
484761
484765
484771
484795
484798
484803
484818
484831
484847
484855
484870
484878
484899
484903
484904
484931
484941
484949
484955
484965
484970
484979
485029
485069
485083
485108
485131
485137
485143
485151
485153
485154
485173
485176
485191
485211
485217
485223
485230
485259
485268
485277
485290
485296
485321
485324
485325
485334
485345
485355
485367
485372
485386
485388
485401
485408
485416
485422
485427
485445
485460
485489
485503
485532
485534
485540
485543
485555
485585
485593
485601
485659
485673
485705
485710
485717
485720
485742
485761
485763
485767
485781
485800
485804
485823
485827
485830
485850
485855
485864
485879
485886
485929
485972
485981
486021
486039
486045
486049
486063
486064
486074
486076
486109
486118
486147
486156
486157
486158
486178
486190
486192
486193
486205
486242
486245
486263
486312
486341
486373
486377
486392
486406
486409
486430
486448
486453
486467
486492
486499
486500
486534
486544
486553
486559
486567
486577
486609
486634
486642
486645
486681
486686
486708
486710
486725
486742
486775
486786
486800
486806
486833
486834
486847
486849
486857
486865
486875
486910
486912
486955
486992
486998
487001
487010
487020
487022
487044
487047
487060
487062
487072
487101
487120
487143
487148
487159
487191
487194
487195
487196
487211
487253
487267
487274
487287
487293
487297
487304
487315
487323
487336
487349
487353
487374
487376
487405
487439
487441
487449
487464
487476
487477
487505
487512
487534
487547
487573
487586
487592
487622
487625
487641
487649
487680
487682
487688
487712
487743
487754
487759
487768
487773
487777
487806
487814
487822
487826
487828
487830
487839
487843
487866
487880
487881
487887
487892
487912
487935
487945
487962
487976
487985
487990
488004
488008
488010
488017
488023
488053
488068
488098
488168
488177
488202
488209
488242
488258
488266
488268
488305
488322
488331
488338
488341
488344
488359
488364
488371
488435
488470
488475
488478
488486
488554
488567
488622
488672
488708
488709
488713
488735
488765
488771
488790
488840
488852
488853
488858
488860
488861
488873
488874
488884
488886
488902
488968
488977
488979
488985
488991
488995
489038
489057
489068
489076
489079
489097
489165
489172
489175
489188
489243
489246
489279
489301
489316
489340
489348
489358
489362
489384
489396
489411
489451
489480
489484
489498
489526
489556
489570
489605
489626
489628
489632
489655
489673
489686
489738
489739
489753
489804
489807
489815
489821
489841
489867
489883
489886
489893
489908
489911
489920
489923
489948
489969
489975
490000
490018
490026
490028
490033
490038
490066
490068
490086
490103
490119
490139
490151
490159
490171
490176
490197
490214
490221
490251
490268
490281
490297
490300
490310
490323
490325
490332
490335
490337
490345
490350
490357
490385
490391
490404
490415
490429
490444
490481
490491
490537
490547
490548
490554
490560
490611
490620
490622
490624
490633
490636
490678
490679
490693
490700
490706
490734
490745
490758
490760
490776
490779
490796
490798
490808
490849
490857
490888
490907
490924
490934
490935
490939
490954
490959
490983
490986
490987
491002
491022
491027
491044
491052
491057
491153
491165
491191
491211
491268
491319
491326
491368
491408
491441
491463
491473
491475
491486
491490
491495
491533
491547
491559
491568
491569
491579
491591
491643
491658
491667
491671
491706
491815
491888
491893
491897
491904
491905
491908
491924
491929
491969
491974
492006
492021
492035
492041
492113
492127
492155
492158
492159
492196
492205
492224
492246
492250
492256
492266
492275
492276
492285
492289
492291
492293
492313
492314
492328
492335
492344
492378
492388
492391
492399
492415
492416
492437
492478
492518
492526
492567
492575
492587
492601
492611
492615
492640
492669
492711
492719
492734
492754
492756
492763
492783
492788
492795
492804
492809
492882
492890
492893
492903
492909
492938
492967
492969
492983
493010
493019
493051
493054
493058
493112
493144
493163
493168
493179
493181
493190
493204
493213
493222
493234
493269
493289
493310
493315
493335
493375
493416
493417
493465
493472
493473
493488
493513
493545
493593
493597
493599
493629
493699
493706
493710
493717
493718
493721
493727
493735
493737
493743
493745
493765
493768
493772
493803
493805
493887
493910
493926
493933
493936
493987
493989
493998
494010
494012
494027
494029
494039
494051
494052
494085
494097
494150
494159
494182
494194
494199
494202
494214
494281
494296
494320
494332
494354
494364
494369
494397
494417
494493
494502
494509
494525
494536
494556
494564
494570
494605
494637
494675
494685
494721
494729
494749
494800
494804
494829
494852
494854
494880
494884
494921
494941
494958
495009
495022
495026
495040
495052
495059
495073
495086
495088
495101
495144
495152
495179
495197
495198
495205
495215
495223
495228
495244
495258
495275
495284
495286
495318
495322
495331
495339
495369
495381
495403
495428
495439
495450
495456
495470
495536
495554
495567
495578
495582
495586
495587
495595
495596
495602
495611
495628
495657
495692
495694
495703
495706
495711
495720
495722
495756
495761
495765
495777
495780
495799
495823
495829
495832
495836
495842
495858
495861
495887
495888
495950
495997
496043
496056
496080
496083
496090
496119
496137
496155
496184
496200
496215
496221
496224
496233
496237
496262
496313
496327
496331
496339
496388
496401
496417
496434
496449
496461
496464
496467
496482
496503
496509
496545
496581
496599
496604
496620
496630
496637
496662
496669
496679
496687
496722
496763
496777
496780
496786
496788
496799
496816
496846
496893
496928
496937
496938
496951
496954
496999
497023
497069
497071
497080
497088
497094
497096
497120
497127
497137
497142
497170
497181
497199
497217
497226
497234
497238
497241
497278
497298
497317
497330
497359
497374
497386
497388
497391
497396
497399
497409
497428
497429
497433
497456
497458
497465
497475
497512
497523
497531
497546
497560
497573
497578
497588
497593
497597
497607
497624
497634
497640
497660
497664
497675
497682
497720
497731
497818
497836
497858
497863
497879
497934
497942
497982
497988
498015
498023
498053
498066
498068
498076
498084
498093
498103
498123
498140
498141
498159
498215
498249
498306
498342
498352
498362
498389
498412
498422
498449
498455
498466
498499
498549
498574
498578
498585
498589
498627
498667
498700
498729
498731
498737
498754
498756
498761
498772
498792
498801
498818
498844
498852
498870
498871
498885
498911
498936
498972
498976
498977
498989
498993
499010
499012
499023
499025
499032
499040
499042
499050
499058
499061
499067
499069
499086
499142
499145
499147
499163
499172
499181
499198
499208
499233
499244
499262
499263
499288
499301
499318
499336
499375
499393
499394
499414
499431
499432
499443
499446
499450
499453
499471
499487
499499
499522
499538
499567
499579
499594
499620
499639
499650
499683
499699
499701
499722
499724
499740
499754
499762
499773
499799
499806
499833
499836
499854
499857
499861
499871
499883
499926
499970
