700094
700095
700098
700099
700103
700116
700127
700183
700227
700251
700252
700256
700268
700270
700280
700283
700313
700339
700367
700369
700376
700396
700402
700426
700442
700450
700480
700490
700494
700537
700539
700571
700573
700579
700584
700588
700589
700602
700603
700604
700612
700637
700648
700656
700658
700661
700668
700725
700741
700764
700784
700793
700805
700815
700828
700839
700864
700865
700910
700913
700919
700922
700936
700940
700968
700970
700989
701008
701015
701042
701055
701069
701076
701077
701130
701152
701190
701194
701202
701231
701236
701249
701254
701256
701298
701302
701312
701324
701332
701336
701338
701350
701361
701364
701369
701400
701419
701425
701442
701443
701455
701465
701470
701477
701509
701511
701518
701544
701557
701563
701575
701590
701593
701603
701610
701615
701642
701646
701655
701673
701682
701739
701741
701746
701770
701792
701793
701808
701825
701826
701828
701831
701838
701842
701850
701861
701862
701870
701887
701890
701891
701911
701930
701946
701954
702052
702054
702089
702090
702091
702134
702137
702141
702147
702156
702160
702169
702180
702182
702195
702203
702215
702219
702228
702239
702243
702245
702248
702251
702263
702266
702295
702347
702362
702381
702388
702395
702403
702404
702409
702414
702448
702475
702480
702503
702513
702544
702567
702571
702592
702627
702634
702655
702664
702695
702696
702703
702704
702740
702741
702752
702828
702838
702844
702845
702858
702867
702892
702910
702940
702972
702979
702994
703043
703092
703097
703098
703107
703118
703132
703147
703152
703158
703161
703190
703204
703220
703233
703264
703332
703352
703354
703355
703372
703373
703430
703450
703456
703469
703475
703489
703518
703543
703548
703562
703642
703682
703687
703689
703700
703702
703741
703746
703749
703753
703855
703861
703867
703871
703877
703904
703944
703946
703957
703963
703965
703969
703998
704017
704133
704147
704159
704185
704201
704209
704214
704220
704249
704259
704299
704338
704341
704360
704379
704484
704513
704531
704538
704550
704562
704570
704587
704608
704611
704618
704651
704664
704673
704679
704680
704684
704686
704695
704698
704702
704705
704716
704766
704771
704783
704804
704870
704873
704875
704902
704929
704959
705029
705031
705034
705066
705083
705084
705154
705158
705174
705187
705213
705233
705284
705297
705305
705326
705330
705371
705376
705398
705420
705434
705436
705447
705468
705475
705500
705527
705537
705541
705544
705557
705594
705612
705649
705670
705681
705685
705696
705741
705767
705789
705796
705814
705816
705831
705845
705850
705852
705871
705892
705906
705908
705931
705935
705941
705958
705971
705981
705997
706000
706012
706018
706040
706056
706062
706091
706095
706105
706110
706135
706148
706156
706172
706173
706194
706197
706204
706259
706313
706317
706321
706376
706389
706400
706409
706432
706436
706453
706462
706473
706478
706492
706501
706504
706530
706547
706549
706557
706566
706598
706612
706629
706641
706650
706662
706665
706708
706732
706735
706774
706777
706778
706780
706802
706803
706810
706822
706825
706829
706840
706842
706843
706866
706876
706881
706892
706907
706909
706917
706920
706998
707012
707019
707039
707044
707047
707069
707079
707080
707127
707136
707137
707158
707159
707169
707171
707174
707181
707190
707219
707231
707242
707274
707282
707284
707285
707294
707335
707336
707348
707362
707389
707392
707398
707411
707415
707416
707428
707433
707436
707442
707447
707448
707456
707457
707480
707490
707502
707512
707523
707566
707572
707584
707596
707613
707616
707619
707620
707637
707638
707650
707654
707672
707688
707698
707702
707708
707709
707740
707747
707753
707757
707794
707810
707815
707821
707825
707826
707835
707863
707895
707903
707915
707920
707939
707945
707950
708001
708002
708015
708017
708022
708025
708030
708038
708042
708101
708107
708121
708139
708176
708185
708200
708201
708222
708240
708256
708266
708271
708278
708279
708297
708301
708361
708364
708402
708427
708429
708440
708467
708507
708508
708518
708521
708534
708537
708543
708550
708572
708585
708605
708610
708619
708635
708661
708677
708703
708715
708730
708764
708807
708811
708838
708847
708850
708914
708918
708954
708958
708988
708993
708998
709009
709024
709034
709035
709046
709065
709091
709106
709111
709128
709130
709136
709152
709171
709190
709218
709232
709245
709248
709258
709261
709265
709266
709295
709317
709319
709341
709349
709357
709382
709392
709396
709414
709428
709430
709438
709442
709464
709469
709491
709509
709518
709529
709570
709574
709578
709596
709616
709630
709631
709664
709667
709669
709680
709686
709690
709694
709697
709737
709740
709743
709767
709775
709804
709814
709834
709852
709854
709869
709874
709906
709909
709915
709919
709922
709937
709958
709964
709973
709996
710066
710068
710080
710089
710100
710118
710129
710153
710192
710261
710330
710333
710355
710360
710402
710406
710413
710420
710422
710423
710424
710477
710479
710551
710556
710558
710570
710577
710588
710620
710623
710627
710630
710633
710637
710721
710742
710763
710787
710810
710831
710839
710842
710844
710859
710871
710876
710885
710891
710906
710915
710934
710939
710945
710957
710969
710976
710995
711003
711009
711015
711022
711032
711074
711105
711116
711138
711145
711171
711177
711191
711230
711231
711249
711259
711297
711300
711310
711320
711337
711365
711372
711373
711379
711392
711400
711415
711429
711433
711441
711483
711491
711525
711546
711567
711574
711576
711589
711601
711617
711640
711704
711709
711719
711737
711744
711763
711766
711769
711779
711785
711790
711811
711834
711852
711861
711880
711898
711925
711970
711975
711976
712019
712045
712064
712067
712081
712101
712132
712147
712155
712156
712182
712186
712190
712199
712205
712206
712208
712214
712220
712242
712248
712256
712268
712288
712311
712316
712337
712340
712352
712354
712380
712394
712442
712454
712478
712527
712539
712546
712562
712568
712582
712586
712588
712605
712607
712623
712627
712643
712695
712709
712710
712720
712722
712741
712748
712804
712839
712871
712904
712910
712917
712938
712961
712989
713048
713057
713065
713097
713103
713104
713134
713139
713159
713168
713177
713189
713224
713231
713245
713246
713259
713275
713289
713292
713298
713307
713317
713328
713334
713378
713405
713411
713413
713421
713446
713449
713453
713454
713470
713478
713490
713510
713528
713535
713559
713588
713611
713668
713679
713689
713751
713765
713783
713791
713799
713801
713816
713829
713847
713858
713859
713871
713882
713891
713892
713948
713954
713983
713992
713997
714014
714025
714042
714056
714075
714097
714114
714115
714120
714145
714148
714165
714174
714223
714247
714259
714264
714272
714280
714294
714346
714363
714398
714399
714403
714409
714421
714423
714463
714466
714486
714502
714528
714538
714555
714557
714596
714600
714643
714645
714668
714674
714677
714715
714733
714744
714751
714782
714814
714839
714841
714857
714858
714888
714909
714914
714923
714925
714936
714968
714992
715006
715020
715024
715029
715034
715041
715065
715099
715105
715106
715121
715137
715152
715155
715175
715200
715205
715208
715209
715220
715222
715259
715262
715267
715284
715311
715313
715346
715363
715368
715372
715413
715418
715421
715428
715437
715450
715465
715483
715490
715532
715534
715557
715571
715574
715575
715583
715586
715602
715611
715641
715652
715656
715661
715690
715728
715820
715824
715826
715831
715834
715835
715853
715860
715864
715867
715876
715877
715893
715910
715957
715961
715962
715974
715987
715993
715996
716013
716033
716071
716082
716084
716105
716111
716162
716180
716188
716227
716251
716253
716265
716277
716282
716287
716303
716312
716317
716349
716353
716359
716366
716373
716398
716410
716435
716459
716471
716474
716482
716500
716506
716508
716515
716520
716522
716575
716608
716621
716634
716672
716687
716692
716711
716722
716729
716742
716743
716744
716764
716766
716775
716780
716789
716805
716846
716861
716867
716883
716889
716906
716914
716919
716920
716938
716941
716956
716965
716993
717006
717020
717043
717045
717069
717077
717101
717103
717128
717144
717153
717155
717168
717177
717206
717208
717215
717216
717222
717237
717257
717258
717270
717275
717290
717298
717312
717326
717333
717334
717349
717352
717356
717369
717374
717382
717420
717435
717449
717455
717485
717501
717504
717507
717524
717538
717549
717554
717556
717567
717577
717586
717601
717603
717605
717610
717647
717649
717661
717698
717700
717718
717719
717738
717740
717785
717824
717832
717836
717845
717878
717879
717929
717949
717952
717954
717956
717967
717993
717997
718024
718059
718087
718088
718098
718100
718102
718113
718144
718158
718164
718167
718204
718226
718255
718259
718270
718275
718301
718302
718310
718313
718327
718353
718358
718360
718369
718384
718400
718405
718439
718471
718477
718504
718521
718537
718559
718575
718578
718613
718625
718633
718634
718654
718661
718674
718675
718679
718705
718724
718725
718731
718748
718749
718753
718758
718766
718779
718798
718813
718846
718863
718866
718892
718901
718923
718943
718947
718948
718953
719003
719009
719029
719036
719046
719066
719076
719084
719085
719097
719134
719143
719158
719201
719223
719225
719227
719228
719241
719260
719288
719307
719315
719326
719334
719335
719341
719358
719360
719376
719429
719438
719442
719462
719476
719510
719527
719536
719538
719580
719603
719607
719608
719612
719632
719643
719667
719672
719685
719701
719745
719747
719758
719794
719807
719834
719852
719865
719871
719893
719901
719954
719971
720000
720023
720036
720048
720061
720063
720067
720071
720083
720108
720110
720114
720139
720184
720225
720244
720261
720302
720329
720342
720355
720357
720392
720396
720425
720426
720427
720431
720432
720469
720482
720491
720503
720538
720555
720589
720592
720601
720628
720638
720645
720688
720696
720711
720715
720738
720742
720777
720796
720797
720814
720829
720842
720843
720849
720867
720918
720935
720940
720951
720978
720987
720992
721006
721016
721033
721037
721053
721073
721085
721144
721179
721189
721222
721250
721260
721266
721290
721297
721329
721337
721339
721363
721382
721385
721408
721423
721426
721437
721442
721452
721466
721472
721479
721486
721492
721497
721500
721518
721541
721554
721573
721580
721584
721603
721612
721626
721644
721667
721683
721697
721707
721715
721743
721749
721750
721775
721783
721800
721810
721814
721836
721847
721848
721862
721876
721880
721899
721905
721954
722019
722031
722051
722062
722097
722100
722112
722124
722127
722129
722145
722146
722152
722153
722159
722165
722185
722192
722195
722208
722218
722254
722264
722267
722271
722275
722282
722286
722300
722331
722356
722367
722435
722437
722440
722457
722472
722502
722513
722517
722525
722562
722563
722564
722580
722587
722597
722620
722621
722647
722653
722679
722713
722767
722776
722778
722783
722788
722804
722826
722842
722847
722858
722871
722877
722893
722905
722912
722914
722940
722943
722944
722947
722969
722982
723004
723007
723010
723016
723028
723092
723102
723117
723122
723151
723161
723191
723242
723266
723312
723335
723339
723342
723359
723375
723389
723394
723396
723407
723408
723418
723423
723434
723454
723474
723485
723492
723507
723509
723515
723533
723540
723576
723600
723614
723627
723653
723665
723668
723724
723743
723786
723790
723808
723819
723821
723826
723850
723857
723869
723870
723875
723877
723881
723888
723892
723894
723902
723914
723947
723958
723979
724001
724010
724013
724014
724025
724029
724036
724045
724060
724074
724075
724076
724084
724086
724111
724118
724120
724139
724142
724150
724157
724172
724174
724188
724205
724230
724232
724265
724274
724281
724313
724327
724331
724340
724347
724358
724360
724379
724398
724403
724410
724417
724429
724445
724469
724484
724487
724512
724526
724550
724553
724557
724565
724585
724588
724603
724622
724635
724646
724665
724729
724752
724800
724801
724813
724818
724821
724890
724896
724929
724941
724950
724962
724965
724981
724992
724997
725000
725009
725013
725017
725021
725062
725080
725083
725102
725116
725123
725131
725135
725173
725224
725225
725227
725230
725244
725256
725268
725285
725295
725305
725308
725314
725316
725324
725331
725332
725334
725336
725353
725382
725392
725393
725424
725429
725452
725459
725478
725488
725502
725506
725527
725548
725551
725564
725597
725686
725691
725706
725744
725756
725761
725772
725779
725780
725802
725826
725850
725883
725907
725921
725925
725934
725938
725958
725973
725980
725982
726039
726054
726056
726057
726104
726111
726114
726119
726136
726185
726190
726195
726204
726205
726218
726226
726229
726235
726238
726243
726304
726328
726337
726343
726351
726358
726361
726388
726396
726415
726418
726424
726426
726468
726474
726481
726498
726508
726530
726532
726533
726539
726542
726544
726546
726591
726598
726614
726618
726619
726621
726627
726630
726637
726677
726685
726694
726697
726709
726718
726730
726733
726738
726757
726766
726773
726775
726784
726822
726826
726841
726846
726850
726925
726942
726954
726957
726985
726986
727004
727007
727017
727034
727037
727061
727064
727074
727096
727112
727150
727158
727176
727214
727215
727224
727225
727264
727291
727295
727318
727330
727338
727342
727351
727358
727395
727399
727400
727442
727444
727459
727461
727478
727492
727494
727506
727507
727512
727520
727526
727538
727562
727575
727585
727596
727597
727614
727629
727648
727697
727703
727736
727740
727743
727753
727766
727775
727780
727819
727837
727857
727863
727874
727900
727913
727914
727916
727961
727968
727983
728001
728004
728027
728030
728076
728121
728146
728147
728180
728192
728210
728215
728226
728259
728284
728289
728326
728358
728363
728365
728367
728369
728375
728384
728410
728429
728490
728498
728512
728516
728524
728605
728627
728641
728651
728661
728664
728667
728676
728727
728759
728774
728776
728788
728795
728820
728822
728863
728869
728879
728929
728934
728972
729010
729021
729025
729065
729098
729107
729162
729191
729231
729237
729248
729274
729296
729305
729308
729309
729325
729343
729354
729358
729365
729405
729451
729455
729460
729463
729465
729480
729497
729505
729508
729529
729553
729555
729556
729579
729618
729631
729642
729678
729702
729707
729710
729711
729736
729737
729743
729748
729751
729784
729808
729844
729848
729876
729878
729879
729886
729905
729908
729923
729938
729969
729975
729990
730000
730025
730026
730043
730044
730049
730059
730080
730086
730123
730125
730155
730164
730197
730204
730211
730284
730285
730310
730320
730331
730338
730363
730384
730395
730402
730430
730444
730449
730461
730466
730470
730482
730493
730518
730526
730531
730532
730572
730582
730599
730613
730614
730639
730737
730751
730763
730777
730792
730817
730824
730864
730892
730917
730927
730933
730935
730971
730975
730982
730989
730994
731016
731033
731048
731068
731081
731085
731097
731102
731105
731114
731115
731140
731163
731165
731175
731182
731184
731200
731203
731238
731244
731274
731280
731302
731326
731327
731344
731351
731353
731358
731361
731391
731421
731433
731435
731447
731474
731492
731508
731576
731598
731633
731642
731643
731653
731661
731666
731680
731691
731703
731714
731723
731728
731766
731775
731785
731806
731812
731825
731836
731839
731863
731876
731887
731893
731896
731957
731959
731961
731969
731985
731991
732051
732088
732108
732120
732123
732130
732153
732155
732167
732168
732171
732197
732228
732258
732305
732307
732311
732352
732356
732362
732367
732384
732398
732408
732412
732438
732445
732459
732460
732492
732523
732544
732548
732566
732588
732619
732634
732635
732657
732660
732669
732670
732674
732676
732679
732701
732703
732710
732711
732722
732740
732763
732769
732793
732794
732798
732803
732805
732838
732841
732847
732895
732928
732929
732955
732983
732988
732992
733011
733025
733032
733035
733068
733090
733114
733121
733166
733176
733199
733208
733231
733250
733257
733283
733293
733296
733308
733327
733336
733360
733366
733373
733377
733416
733425
733439
733466
733473
733493
733496
733549
733556
733562
733571
733572
733589
733591
733593
733602
733606
733632
733634
733644
733651
733654
733672
733678
733679
733701
733714
733718
733729
733741
733749
733753
733779
733804
733817
733820
733834
733843
733851
733871
733880
733882
733919
733950
733957
733967
734016
734021
734040
734062
734071
734086
734105
734114
734136
734137
734140
734155
734158
734161
734163
734170
734184
734196
734200
734238
734251
734263
734283
734284
734299
734314
734366
734390
734395
734420
734433
734443
734463
734491
734499
734505
734508
734517
734537
734546
734549
734579
734585
734587
734646
734648
734655
734657
734660
734668
734673
734686
734700
734715
734721
734727
734747
734785
734815
734819
734839
734842
734844
734891
734892
734894
734900
734921
734937
734964
734968
734971
734991
734997
735007
735034
735067
735073
735074
735097
735110
735126
735128
735147
735162
735212
735219
735230
735236
735243
735251
735264
735288
735290
735301
735328
735331
735339
735344
735363
735364
735419
735425
735433
735436
735439
735445
735454
735469
735494
735504
735518
735531
735543
735548
735562
735615
735621
735639
735648
735649
735678
735680
735692
735716
735733
735739
735751
735759
735776
735779
735795
735876
735896
735907
735910
735934
735969
736012
736023
736030
736033
736042
736053
736056
736060
736074
736075
736083
736093
736111
736112
736116
736174
736182
736204
736220
736227
736237
736240
736284
736287
736322
736334
736354
736373
736390
736400
736439
736461
736508
736514
736523
736529
736546
736578
736579
736599
736637
736654
736709
736710
736713
736741
736759
736769
736788
736801
736823
736847
736874
736892
736905
736908
736917
736944
736947
736962
736973
736977
736984
736995
737015
737021
737030
737035
737059
737065
737070
737076
737096
737098
737100
737124
737138
737149
737169
737180
737206
737242
737248
737264
737297
737317
737350
737365
737382
737385
737436
737459
737469
737470
737479
737527
737549
737550
737575
737590
737600
737610
737611
737627
737632
737634
737651
737654
737660
737664
737667
737670
737688
737703
737739
737776
737781
737782
737803
737805
737806
737816
737827
737831
737869
737878
737882
737914
737931
737951
737954
737957
737997
738008
738038
738047
738054
738059
738062
738066
738069
738099
738114
738115
738124
738129
738142
738156
738222
738246
738247
738255
738274
738304
738316
738318
738343
738397
738407
738414
738421
738463
738469
738475
738480
738487
738503
738508
738514
738534
738547
738556
738564
738576
738582
738595
738606
738621
738628
738631
738635
738651
738654
738678
738687
738692
738694
738704
738723
738724
738733
738734
738745
738758
738773
738789
738790
738797
738852
738856
738858
738869
738873
738877
738882
738913
738925
738927
738950
738956
738958
738981
738987
739014
739022
739041
739068
739073
739083
739088
739090
739102
739156
739169
739181
739214
739231
739234
739236
739240
739269
739271
739283
739290
739309
739321
739325
739338
739360
739384
739393
739403
739429
739435
739462
739493
739501
739539
739543
739549
739558
739561
739564
739567
739577
739584
739586
739595
739605
739611
739625
739671
739674
739690
739697
739700
739721
739739
739747
739760
739787
739802
739853
739859
739868
739870
739872
739928
739957
739974
739988
740009
740022
740053
740061
740068
740077
740080
740087
740103
740129
740148
740152
740173
740193
740199
740201
740215
740216
740220
740249
740252
740261
740272
740310
740338
740349
740350
740363
740366
740368
740385
740427
740435
740440
740462
740480
740504
740516
740529
740579
740653
740711
740712
740723
740750
740751
740771
740800
740809
740824
740825
740830
740845
740847
740855
740895
740899
740900
740905
740923
740925
740932
740940
740952
740961
740975
740976
740983
741034
741051
741052
741062
741063
741065
741076
741116
741139
741173
741187
741193
741223
741229
741255
741263
741264
741266
741267
741301
741307
741331
741339
741346
741351
741361
741371
741428
741439
741469
741473
741477
741479
741489
741515
741522
741546
741556
741574
741577
741582
741604
741637
741641
741657
741685
741693
741718
741726
741814
741830
741834
741838
741851
741867
741896
741898
741913
741918
741920
741928
741937
741977
741990
742015
742022
742029
742032
742042
742054
742055
742064
742071
742072
742094
742111
742126
742155
742158
742164
742215
742232
742246
742247
742248
742279
742283
742288
742290
742294
742296
742323
742326
742328
742331
742338
742344
742358
742363
742376
742381
742385
742395
742406
742440
742453
742456
742461
742462
742464
742471
742473
742478
742494
742496
742498
742499
742508
742530
742558
742561
742562
742571
742574
742614
742641
742669
742676
742710
742734
742759
742771
742853
742867
742887
742889
742891
742892
742895
742911
742916
742919
742933
742938
742974
742981
742999
743006
743026
743035
743043
743051
743090
743113
743117
743128
743186
743187
743189
743217
743241
743245
743272
743284
743286
743331
743337
743373
743379
743387
743414
743419
743423
743438
743473
743475
743481
743497
743506
743514
743529
743531
743551
743560
743598
743602
743610
743633
743644
743645
743660
743664
743669
743674
743694
743750
743768
743782
743791
743801
743808
743811
743843
743850
743865
743920
743940
743948
743996
743999
744005
744006
744027
744030
744136
744138
744144
744170
744185
744186
744188
744191
744202
744237
744265
744284
744291
744330
744344
744349
744363
744376
744390
744414
744427
744433
744441
744448
744472
744486
744492
744522
744536
744552
744562
744579
744582
744583
744590
744597
744614
744618
744625
744640
744645
744660
744661
744668
744703
744705
744707
744714
744719
744720
744725
744749
744755
744768
744772
744776
744823
744837
744857
744874
744900
744901
744958
745015
745017
745024
745028
745051
745052
745057
745063
745071
745074
745084
745100
745107
745120
745129
745146
745169
745182
745189
745192
745194
745200
745210
745219
745226
745249
745254
745314
745321
745326
745368
745372
745382
745397
745416
745431
745463
745486
745497
745504
745530
745531
745533
745540
745557
745584
745592
745612
745631
745648
745677
745682
745688
745693
745716
745717
745720
745736
745747
745771
745815
745817
745829
745835
745853
745857
745869
745878
745884
745892
745907
745908
745915
745920
745926
745928
745957
745996
746004
746023
746056
746072
746089
746101
746102
746154
746174
746176
746177
746205
746210
746236
746244
746278
746283
746302
746319
746343
746375
746420
746423
746497
746500
746506
746540
746560
746561
746578
746579
746590
746592
746595
746610
746613
746616
746651
746654
746665
746671
746675
746681
746706
746709
746711
746732
746756
746773
746782
746815
746818
746821
746869
746871
746877
746891
746905
746913
746929
746931
746958
746967
746972
747044
747051
747067
747086
747120
747147
747193
747206
747207
747221
747228
747232
747234
747237
747239
747264
747312
747325
747340
747358
747360
747362
747363
747371
747384
747389
747391
747399
747407
747408
747411
747413
747425
747444
747470
747489
747498
747511
747527
747554
747613
747619
747621
747657
747680
747690
747702
747707
747723
747734
747739
747746
747761
747785
747789
747802
747813
747820
747841
747846
747851
747853
747874
747889
747892
747908
747939
747948
747974
747979
747982
748012
748019
748022
748027
748033
748038
748070
748088
748107
748125
748130
748142
748169
748175
748204
748209
748221
748238
748268
748274
748278
748280
748298
748326
748341
748357
748359
748382
748409
748432
748442
748454
748472
748498
748511
748512
748525
748534
748547
748549
748556
748566
748578
748594
748600
748609
748615
748671
748675
748689
748699
748701
748709
748746
748747
748749
748768
748786
748788
748841
748916
748922
748923
748938
748939
748958
748994
748996
749006
749012
749013
749020
749065
749091
749124
749141
749176
749177
749178
749193
749209
749230
749248
749261
749288
749306
749314
749360
749363
749367
749398
749412
749414
749455
749464
749477
749482
749495
749499
749513
749514
749520
749531
749532
749536
749545
749571
749580
749594
749612
749613
749618
749620
749625
749632
749637
749644
749646
749666
749725
749741
749756
749769
749786
749803
749814
749826
749827
749831
749832
749862
749869
749876
749883
749886
749892
749898
749905
749942
749951
749967
749981
750017
750034
750036
750039
750051
750056
750060
750063
750077
750099
750105
750137
750144
750146
750159
750182
750190
750195
750198
750209
750210
750216
750221
750222
750230
750252
750255
750258
750267
750276
750288
750298
750302
750332
750359
750368
750380
750386
750403
750423
750431
750437
750440
750447
750456
750496
750497
750498
750510
750514
750522
750523
750529
750530
750535
750543
750548
750549
750602
750625
750634
750674
750679
750681
750741
750749
750762
750776
750790
750793
750804
750816
750844
750845
750850
750859
750862
750874
750877
750883
750933
750943
750951
751057
751068
751082
751085
751100
751101
751112
751137
751146
751167
751196
751202
751213
751221
751246
751265
751272
751281
751285
751298
751311
751322
751327
751331
751359
751368
751378
751400
751412
751420
751425
751437
751443
751448
751465
751467
751473
751475
751478
751511
751517
751520
751521
751537
751544
751568
751574
751607
751629
751635
751660
751692
751696
751705
751716
751753
751758
751773
751809
751811
751826
751828
751834
751842
751843
751845
751874
751875
751894
751906
751908
751912
751945
751975
751980
752008
752020
752061
752078
752093
752103
752118
752144
752151
752209
752223
752240
752261
752299
752326
752329
752336
752388
752430
752456
752461
752486
752495
752502
752511
752527
752545
752576
752612
752630
752655
752686
752690
752715
752720
752736
752757
752762
752763
752784
752811
752821
752834
752839
752847
752873
752880
752883
752884
752917
752944
752945
752968
752980
752992
752998
753008
753022
753065
753083
753086
753136
753139
753155
753164
753198
753208
753224
753240
753243
753275
753290
753292
753309
753318
753332
753354
753361
753363
753366
753371
753396
753453
753459
753492
753505
753513
753560
753561
753573
753581
753588
753602
753617
753619
753673
753682
753687
753695
753702
753748
753752
753756
753766
753778
753779
753788
753792
753810
753819
753825
753829
753840
753858
753869
753885
753911
753916
753935
753958
753979
754029
754045
754058
754078
754081
754098
754132
754148
754154
754179
754188
754201
754217
754238
754258
754266
754268
754310
754337
754358
754363
754376
754385
754391
754400
754442
754445
754449
754453
754465
754513
754522
754559
754577
754582
754585
754594
754620
754627
754643
754652
754655
754658
754682
754688
754696
754701
754717
754721
754722
754739
754743
754763
754808
754812
754823
754835
754847
754858
754859
754894
754908
754909
754972
754990
754991
754995
755002
755010
755013
755015
755047
755081
755111
755123
755143
755156
755165
755195
755198
755207
755213
755215
755245
755256
755271
755278
755280
755289
755303
755316
755318
755328
755339
755348
755358
755362
755365
755449
755482
755488
755504
755515
755641
755663
755666
755691
755737
755743
755744
755749
755761
755781
755788
755797
755838
755846
755875
755882
755906
755943
755954
756014
756018
756047
756066
756101
756119
756137
756150
756157
756171
756190
756244
756266
756293
756326
756337
756357
756385
756398
756400
756406
756409
756413
756459
756471
756521
756528
756557
756561
756564
756589
756603
756659
756665
756670
756671
756711
756716
756737
756762
756765
756780
756784
756785
756820
756839
756850
756860
756861
756883
756905
756909
756933
756938
756942
756990
757001
757010
757029
757054
757094
757105
757122
757221
757223
757253
757285
757289
757298
757335
757344
757345
757373
757382
757383
757389
757424
757431
757432
757463
757495
757509
757514
757541
757550
757559
757596
757605
757613
757620
757633
757636
757649
757662
757687
757718
757723
757735
757748
757753
757760
757771
757807
757832
757849
757864
757884
757886
757919
757932
757939
757947
757953
757980
757989
757990
757994
757996
758028
758038
758039
758077
758078
758090
758103
758126
758127
758146
758169
758183
758184
758200
758207
758213
758220
758224
758247
758257
758258
758260
758268
758278
758280
758283
758293
758316
758320
758329
758332
758340
758368
758369
758371
758381
758395
758410
758420
758431
758440
758442
758459
758472
758486
758490
758513
758520
758548
758550
758560
758576
758580
758583
758589
758598
758602
758616
758619
758623
758641
758643
758654
758656
758659
758660
758686
758692
758716
758772
758821
758824
758839
758867
758883
758915
758969
758974
758991
759007
759010
759017
759027
759041
759063
759070
759079
759080
759109
759166
759177
759192
759201
759219
759226
759273
759284
759297
759299
759313
759338
759394
759397
759406
759412
759416
759418
759424
759429
759462
759468
759476
759504
759508
759510
759514
759518
759523
759525
759530
759532
759537
759538
759575
759590
759596
759602
759616
759640
759647
759657
759689
759693
759697
759702
759709
759721
759732
759736
759751
759754
759755
759776
759797
759818
759834
759841
759855
759859
759864
759869
759875
759882
759886
759887
759901
759937
759947
759953
759958
759963
759981
759996
759998
760000
760016
760039
760041
760045
760102
760121
760132
760139
760166
760169
760180
760181
760182
760183
760186
760188
760197
760198
760235
760243
760251
760254
760263
760280
760298
760300
760308
760317
760327
760328
760331
760335
760349
760366
760386
760402
760408
760425
760433
760451
760477
760495
760509
760513
760525
760541
760550
760555
760584
760586
760592
760619
760645
760649
760651
760656
760660
760764
760783
760784
760806
760813
760833
760843
760929
760932
760942
760971
760973
760977
760988
761003
761019
761027
761049
761064
761067
761072
761091
761093
761115
761152
761167
761170
761203
761204
761210
761218
761236
761255
761278
761281
761283
761305
761310
761313
761315
761332
761333
761357
761361
761372
761380
761395
761399
761420
761437
761483
761530
761532
761533
761535
761552
761590
761595
761611
761631
761673
761675
761686
761713
761716
761728
761731
761748
761765
761778
761813
761823
761872
761874
761881
761882
761894
761912
761915
761932
761951
761954
761959
761971
761996
762006
762014
762025
762032
762054
762060
762078
762082
762093
762103
762138
762152
762185
762191
762210
762212
762214
762242
762293
762295
762296
762299
762315
762316
762357
762378
762390
762397
762438
762445
762453
762456
762458
762468
762479
762484
762576
762592
762614
762618
762637
762682
762690
762702
762718
762730
762732
762739
762740
762743
762760
762764
762771
762782
762789
762804
762818
762842
762845
762871
762874
762881
762898
762914
762931
762950
762994
762995
763005
763009
763017
763019
763023
763064
763068
763074
763082
763097
763102
763107
763140
763151
763172
763175
763191
763199
763206
763207
763211
763234
763238
763240
763243
763255
763260
763283
763284
763285
763296
763311
763313
763316
763340
763342
763344
763365
763385
763387
763392
763412
763450
763453
763461
763464
763476
763493
763500
763517
763520
763525
763571
763597
763627
763632
763639
763676
763679
763681
763733
763744
763757
763769
763791
763793
763803
763811
763870
763873
763874
763889
763898
763899
763902
763937
763953
763979
763991
763994
764007
764011
764034
764038
764075
764099
764109
764119
764147
764153
764154
764157
764159
764189
764207
764234
764236
764256
764276
764280
764294
764299
764302
764348
764357
764359
764363
764371
764386
764395
764398
764400
764431
764447
764458
764478
764482
764484
764517
764521
764542
764572
764587
764611
764622
764629
764631
764635
764639
764677
764683
764704
764733
764747
764766
764768
764799
764803
764804
764806
764816
764817
764829
764862
764875
764878
764883
764884
764893
764913
764926
764933
764935
764947
764971
764979
764986
765003
765009
765020
765026
765058
765064
765065
765092
765094
765106
765107
765124
765134
765166
765171
765179
765187
765190
765223
765239
765243
765249
765250
765272
765277
765285
765289
765324
765343
765361
765363
765373
765386
765392
765422
765449
765457
765462
765478
765529
765543
765557
765571
765585
765603
765615
765626
765650
765665
765673
765678
765693
765722
765735
765743
765750
765771
765773
765782
765788
765811
765815
765822
765854
765859
765897
765898
765914
765915
765954
765995
765998
766002
766029
766056
766079
766119
766120
766147
766177
766197
766205
766211
766236
766239
766246
766295
766298
766317
766364
766393
766397
766427
766432
766454
766467
766479
766495
766523
766539
766545
766559
766582
766583
766597
766631
766637
766661
766666
766668
766697
766707
766718
766720
766721
766733
766739
766755
766766
766778
766787
766792
766800
766833
766834
766843
766869
766870
766880
766882
766894
766911
766915
766918
766920
766921
766935
766957
766963
766998
767015
767059
767077
767080
767098
767123
767128
767159
767164
767169
767172
767193
767220
767222
767225
767234
767268
767286
767291
767294
767319
767322
767330
767353
767369
767384
767416
767418
767420
767452
767459
767471
767485
767505
767507
767509
767521
767535
767543
767546
767560
767586
767609
767612
767637
767645
767688
767702
767704
767713
767720
767721
767753
767777
767779
767785
767826
767843
767852
767868
767906
767947
767951
767960
767965
768001
768012
768015
768039
768043
768047
768072
768095
768103
768105
768134
768135
768156
768176
768207
768217
768221
768238
768270
768293
768399
768406
768461
768486
768488
768540
768550
768560
768567
768579
768599
768606
768616
768661
768707
768724
768733
768738
768739
768740
768754
768769
768775
768786
768824
768859
768863
768870
768871
768887
768892
768918
768927
768942
768957
768960
768983
768986
768988
768991
768993
768999
769003
769012
769020
769028
769044
769050
769055
769068
769081
769102
769110
769118
769140
769141
769163
769179
769192
769193
769206
769209
769217
769231
769235
769251
769262
769285
769287
769290
769364
769372
769376
769379
769421
769429
769444
769470
769498
769501
769528
769537
769541
769570
769573
769587
769597
769603
769604
769606
769609
769622
769647
769652
769757
769793
769817
769820
769852
769853
769866
769877
769885
769886
769888
769896
769900
769910
769916
769920
769974
770025
770027
770032
770054
770077
770085
770106
770112
770131
770161
770167
770173
770174
770216
770226
770227
770245
770255
770266
770275
770289
770298
770320
770360
770361
770371
770379
770393
770396
770404
770426
770453
770454
770483
770487
770525
770526
770549
770564
770579
770592
770628
770630
770635
770645
770646
770659
770671
770673
770675
770686
770688
770689
770710
770731
770735
770739
770744
770758
770761
770770
770780
770797
770804
770805
770809
770859
770866
770886
770887
770906
770912
770926
770938
770955
770968
770987
770988
770995
771006
771013
771038
771072
771100
771110
771114
771155
771161
771189
771213
771216
771236
771241
771260
771273
771284
771306
771308
771315
771325
771342
771362
771375
771383
771384
771386
771405
771444
771454
771484
771503
771505
771513
771529
771616
771624
771648
771650
771672
771680
771711
771723
771729
771735
771739
771740
771756
771818
771826
771843
771845
771850
771855
771865
771874
771895
771909
771923
771934
771936
771939
771950
771967
771971
771981
771994
772034
772061
772069
772081
772086
772090
772108
772117
772131
772158
772162
772211
772213
772223
772235
772241
772252
772253
772269
772275
772293
772294
772329
772339
772353
772355
772370
772378
772386
772416
772429
772438
772451
772488
772496
772499
772527
772529
772537
772549
772567
772574
772578
772591
772603
772638
772640
772643
772644
772696
772700
772705
772708
772729
772749
772766
772795
772799
772807
772809
772813
772827
772835
772836
772841
772870
772901
772906
772923
772930
772960
772966
772992
772996
773003
773037
773042
773044
773075
773083
773087
773108
773112
773130
773139
773194
773209
773229
773233
773234
773273
773278
773280
773318
773326
773327
773338
773400
773423
773449
773452
773453
773485
773498
773504
773514
773524
773547
773550
773551
773569
773572
773588
773610
773639
773681
773709
773714
773720
773738
773750
773751
773760
773817
773846
773866
773868
773873
773878
773892
773894
773896
773899
773928
773942
773947
773949
773959
773978
773983
774019
774073
774077
774083
774090
774113
774119
774143
774158
774159
774193
774196
774204
774220
774243
774250
774254
774260
774306
774310
774350
774357
774369
774372
774389
774391
774434
774456
774476
774496
774498
774502
774507
774521
774530
774537
774558
774583
774614
774618
774631
774648
774650
774675
774678
774705
774708
774710
774716
774719
774752
774784
774786
774810
774852
774863
774879
774914
774931
774936
774943
774963
774967
774970
774992
775003
775008
775011
775015
775024
775051
775056
775064
775067
775083
775105
775106
775117
775171
775244
775249
775273
775308
775321
775335
775344
775351
775352
775384
775405
775413
775416
775448
775450
775457
775464
775467
775492
775517
775545
775546
775553
775578
775581
775596
775606
775620
775625
775640
775643
775648
775649
775651
775689
775702
775708
775728
775733
775760
775788
775803
775861
775868
775901
775905
775945
776005
776018
776044
776049
776053
776079
776090
776096
776102
776146
776155
776180
776197
776206
776218
776223
776281
776299
776316
776333
776344
776347
776355
776358
776363
776385
776388
776410
776415
776423
776425
776463
776488
776503
776536
776550
776570
776606
776614
776625
776638
776680
776716
776725
776727
776731
776742
776744
776767
776795
776830
776831
776840
776849
776855
776861
776903
776928
776950
776951
776957
776964
776967
776969
776980
776995
776996
777003
777026
777045
777066
777073
777108
777126
777158
777159
777161
777162
777173
777180
777187
777192
777259
777274
777277
777280
777302
777314
777326
777412
777413
777416
777419
777424
777438
777448
777449
777510
777513
777514
777518
777519
777525
777533
777536
777550
777570
777592
777596
777607
777623
777631
777639
777643
777668
777681
777690
777695
777703
777740
777750
777752
777754
777760
777761
777786
777799
777813
777818
777823
777839
777850
777851
777854
777862
777878
777896
777918
777943
777955
777986
777987
777989
778022
778043
778087
778090
778142
778162
778167
778168
778171
778179
778204
778205
778217
778221
778224
778249
778298
778310
778345
778349
778381
778384
778413
778439
778442
778452
778456
778465
778467
778490
778498
778516
778539
778543
778547
778550
778551
778583
778586
778608
778618
778646
778649
778656
778671
778687
778689
778695
778721
778747
778749
778761
778789
778813
778814
778819
778843
778847
778848
778849
778854
778855
778870
778882
778893
778895
778913
778922
778926
778934
778950
778959
778969
779006
779026
779030
779039
779068
779086
779093
779094
779101
779111
779123
779132
779154
779167
779209
779221
779243
779275
779292
779298
779302
779317
779327
779355
779368
779378
779391
779397
779425
779445
779457
779460
779470
779474
779476
779513
779514
779542
779551
779552
779558
779602
779604
779617
779630
779638
779650
779662
779691
779712
779716
779732
779758
779760
779763
779779
779780
779800
779817
779826
779867
779869
779901
779908
779909
779924
779934
779979
779983
779984
779992
780006
780032
780035
780046
780079
780090
780092
780101
780149
780156
780180
780183
780190
780196
780213
780225
780231
780238
780253
780254
780261
780262
780282
780289
780296
780310
780312
780317
780330
780351
780353
780393
780409
780415
780420
780430
780440
780466
780483
780492
780497
780498
780503
780507
780526
780535
780539
780551
780554
780572
780574
780577
780590
780605
780611
780629
780630
780641
780697
780710
780734
780738
780743
780746
780748
780749
780760
780767
780770
780786
780792
780806
780810
780841
780849
780875
780887
780913
780915
780925
780926
780955
780966
780991
781007
781024
781030
781035
781046
781048
781063
781077
781079
781082
781104
781118
781120
781132
781144
781145
781146
781155
781161
781162
781179
781184
781194
781234
781269
781284
781316
781321
781322
781343
781356
781370
781394
781414
781430
781451
781463
781481
781492
781499
781507
781510
781514
781528
781545
781547
781555
781574
781590
781591
781596
781604
781614
781629
781647
781652
781659
781663
781667
781677
781694
781715
781751
781757
781777
781783
781802
781807
781808
781824
781829
781834
781846
781851
781870
781876
781884
781928
781929
781946
781958
781959
781964
781970
781996
782001
782007
782018
782054
782056
782075
782076
782083
782084
782088
782089
782094
782104
782121
782169
782172
782173
782184
782199
782217
782224
782252
782287
782324
782350
782358
782359
782376
782387
782388
782405
782406
782421
782428
782479
782521
782547
782553
782559
782568
782622
782635
782649
782650
782666
782678
782689
782691
782714
782730
782759
782761
782763
782796
782812
782830
782841
782885
782890
782896
782911
782912
782925
782941
782944
782947
782986
783003
783026
783029
783039
783040
783045
783094
783098
783099
783107
783137
783138
783165
783168
783200
783220
783228
783239
783263
783330
783350
783356
783366
783405
783416
783417
783429
783444
783450
783482
783507
783509
783548
783588
783604
783608
783673
783687
783719
783728
783742
783744
783746
783787
783799
783808
783824
783829
783857
783902
783907
783923
783970
783975
783996
784007
784012
784048
784073
784078
784090
784109
784114
784116
784135
784152
784181
784183
784185
784187
784189
784190
784192
784193
784218
784233
784241
784244
784249
784253
784265
784287
784294
784310
784351
784382
784385
784449
784458
784468
784527
784528
784529
784553
784592
784616
784629
784638
784641
784644
784648
784656
784693
784701
784799
784805
784812
784843
784869
784936
784958
784968
784972
784982
784995
785009
785022
785036
785057
785073
785132
785158
785180
785207
785218
785220
785240
785243
785263
785269
785279
785289
785298
785301
785302
785309
785310
785335
785353
785357
785362
785393
785423
785440
785447
785450
785453
785485
785536
785539
785541
785549
785564
785577
785590
785596
785629
785640
785641
785662
785666
785672
785696
785717
785724
785729
785768
785786
785803
785813
785821
785829
785862
785886
785909
785923
785983
785995
785998
786001
786034
786053
786082
786100
786134
786148
786151
786159
786160
786169
786172
786185
786196
786210
786218
786236
786255
786258
786285
786323
786342
786356
786384
786388
786411
786427
786434
786442
786461
786466
786476
786480
786503
786511
786535
786545
786567
786585
786609
786637
786643
786646
786655
786662
786664
786685
786690
786707
786715
786721
786724
786731
786738
786772
786820
786846
786849
786886
786903
786908
786909
786916
786966
786984
786996
787001
787002
787038
787050
787073
787086
787096
787121
787154
787177
787181
787192
787206
787207
787233
787250
787270
787272
787295
787311
787344
787346
787366
787374
787399
787405
787414
787421
787434
787449
787458
787477
787498
787523
787530
787543
787544
787554
787563
787579
787596
787603
787612
787652
787660
787670
787737
787747
787758
787784
787785
787792
787805
787818
787864
787877
787881
787885
787899
787908
787918
787957
787960
787976
787978
788017
788018
788040
788059
788063
788087
788105
788111
788121
788137
788155
788156
788163
788182
788187
788188
788195
788200
788202
788214
788220
788227
788231
788249
788286
788302
788308
788310
788327
788335
788344
788347
788369
788380
788382
788392
788408
788418
788450
788455
788456
788468
788471
788478
788504
788522
788531
788554
788555
788574
788616
788652
788655
788656
788657
788670
788673
788681
788687
788690
788704
788707
788711
788748
788749
788757
788758
788762
788765
788773
788796
788797
788822
788834
788843
788868
788883
788888
788932
788933
788938
788941
788946
788965
788998
789041
789050
789070
789074
789079
789084
789098
789106
789155
789230
789233
789238
789250
789264
789266
789300
789313
789318
789334
789338
789351
789389
789398
789422
789445
789446
789452
789467
789497
789499
789514
789594
789627
789640
789661
789666
789667
789673
789677
789683
789720
789762
789778
789784
789832
789863
789887
789895
789900
789902
789920
789929
789936
789955
789971
789972
789987
790001
790005
790014
790021
790026
790028
790047
790049
790063
790068
790129
790154
790183
790192
790199
790204
790206
790238
790251
790264
790287
790305
790328
790348
790375
790380
790393
790423
790435
790457
790461
790484
790489
790506
790507
790513
790517
790532
790560
790566
790577
790579
790583
790585
790586
790588
790612
790619
790637
790639
790667
790687
790696
790711
790739
790741
790758
790761
790784
790811
790822
790828
790853
790891
790899
790922
790930
790934
790941
790957
790964
790978
790994
791017
791026
791029
791038
791042
791047
791052
791057
791063
791067
791089
791091
791098
791105
791114
791120
791143
791150
791153
791154
791160
791162
791183
791184
791185
791188
791212
791216
791223
791224
791240
791241
791255
791264
791265
791285
791290
791312
791323
791331
791337
791357
791376
791379
791385
791388
791398
791411
791422
791434
791452
791459
791470
791495
791498
791522
791525
791544
791561
791565
791567
791575
791592
791604
791632
791637
791643
791661
791701
791705
791711
791727
791728
791731
791734
791755
791798
791814
791826
791827
791837
791849
791860
791872
791922
791949
791959
791966
791970
792014
792015
792023
792040
792074
792080
792084
792143
792145
792157
792159
792164
792165
792176
792180
792186
792198
792213
792246
792256
792264
792284
792285
792288
792289
792305
792340
792345
792359
792369
792380
792435
792436
792438
792463
792471
792477
792490
792497
792536
792552
792570
792574
792615
792632
792635
792649
792656
792657
792661
792668
792671
792677
792761
792764
792769
792800
792827
792849
792879
792917
792933
792952
792959
792987
793013
793029
793073
793079
793083
793091
793118
793125
793131
793139
793143
793189
793213
793215
793237
793252
793307
793319
793321
793323
793326
793327
793360
793362
793375
793376
793388
793389
793398
793403
793408
793411
793415
793422
793423
793426
793489
793492
793496
793521
793553
793556
793558
793574
793591
793610
793622
793624
793632
793652
793663
793702
793706
793742
793744
793753
793762
793771
793774
793778
793794
793801
793807
793810
793867
793875
793882
793906
793917
793973
793977
793978
793979
793998
794028
794029
794033
794049
794051
794053
794059
794070
794089
794110
794140
794149
794162
794200
794211
794224
794231
794243
794244
794265
794293
794299
794309
794326
794339
794346
794354
794356
794364
794378
794389
794391
794399
794417
794436
794440
794444
794445
794452
794468
794475
794479
794508
794517
794576
794593
794595
794598
794611
794621
794628
794630
794638
794653
794714
794729
794754
794763
794764
794786
794797
794805
794818
794840
794884
794905
794914
794937
794948
794995
795000
795003
795014
795019
795021
795035
795046
795056
795062
795080
795083
795087
795097
795112
795113
795193
795204
795226
795256
795284
795296
795320
795335
795351
795352
795387
795394
795402
795427
795461
795469
795510
795554
795565
795573
795588
795606
795632
795638
795644
795688
795701
795713
795734
795740
795756
795796
795805
795828
795829
795833
795845
795881
795893
795897
795904
795909
795933
795976
795985
795991
796039
796056
796060
796095
796096
796118
796122
796124
796128
796153
796163
796164
796172
796174
796175
796176
796198
796213
796218
796234
796255
796267
796277
796278
796308
796340
796354
796376
796385
796399
796408
796414
796441
796451
796459
796462
796475
796482
796504
796512
796531
796547
796553
796568
796651
796653
796675
796703
796708
796710
796718
796735
796758
796761
796781
796803
796806
796827
796864
796890
796895
796899
796912
796919
796930
796941
796944
796963
796975
797002
797024
797040
797052
797057
797062
797088
797099
797116
797122
797145
797149
797160
797170
797179
797182
797193
797224
797240
797247
797250
797270
797273
797275
797283
797295
797298
797323
797326
797341
797349
797359
797430
797442
797461
797476
797481
797488
797495
797502
797514
797515
797516
797527
797547
797552
797562
797571
797590
797595
797597
797612
797633
797639
797642
797655
797674
797692
797702
797727
797754
797759
797767
797772
797773
797776
797784
797834
797838
797842
797843
797854
797861
797874
797895
797898
797919
797929
797939
797947
797954
797966
797994
798011
798017
798027
798030
798039
798042
798045
798052
798057
798060
798063
798066
798067
798092
798096
798126
798165
798174
798215
798225
798231
798244
798250
798265
798280
798287
798289
798301
798307
798311
798313
798322
798327
798347
798353
798382
798389
798417
798426
798468
798477
798481
798490
798493
798500
798503
798506
798508
798519
798524
798527
798536
798552
798570
798571
798583
798589
798595
798601
798602
798607
798629
798637
798656
798662
798695
798707
798721
798770
798844
798869
798871
798886
798894
798895
798924
798927
798939
798946
798947
798962
798964
798978
798990
798994
798998
799006
799018
799023
799026
799032
799044
799078
799089
799091
799100
799109
799119
799146
799149
799158
799166
799174
799175
799176
799180
799183
799244
799262
799270
799319
799335
799339
799344
799365
799369
799373
799383
799408
799435
799472
799487
799498
799525
799541
799546
799549
799550
799575
799598
799612
799650
799657
799659
799667
799673
799727
799787
799797
799815
799817
799857
799861
799900
799904
799924
799962
799997
799999
