300023
300028
300037
300058
300071
300078
300089
300091
300095
300096
300097
300105
300109
300131
300148
300209
300256
300267
300270
300278
300281
300284
300285
300292
300295
300305
300311
300323
300352
300378
300406
300424
300431
300448
300469
300490
300502
300514
300525
300561
300578
300622
300649
300650
300668
300677
300681
300703
300723
300735
300760
300764
300775
300794
300815
300822
300831
300860
300884
300903
300966
300981
300996
300997
301029
301035
301036
301085
301095
301097
301122
301128
301139
301143
301144
301150
301153
301159
301167
301231
301243
301266
301278
301285
301293
301300
301317
301346
301370
301416
301417
301419
301423
301444
301449
301462
301476
301489
301503
301508
301524
301534
301555
301565
301576
301579
301587
301593
301598
301610
301613
301616
301620
301631
301643
301645
301646
301655
301667
301670
301699
301729
301750
301777
301781
301800
301822
301845
301853
301861
301863
301881
301882
301890
301898
301905
301921
301923
301929
301980
301984
301988
302004
302022
302067
302071
302073
302100
302131
302143
302159
302181
302184
302194
302195
302258
302283
302289
302297
302311
302315
302318
302329
302349
302362
302390
302402
302433
302434
302464
302493
302510
302540
302542
302560
302563
302606
302610
302615
302641
302643
302673
302676
302686
302705
302711
302716
302728
302781
302782
302822
302833
302866
302871
302879
302895
302925
302933
302937
302946
302957
302962
302985
302986
303012
303018
303019
303039
303054
303089
303092
303098
303137
303139
303144
303150
303154
303166
303215
303219
303267
303274
303282
303297
303315
303339
303343
303361
303405
303434
303440
303451
303457
303465
303466
303495
303498
303500
303504
303514
303518
303521
303573
303591
303598
303600
303605
303608
303618
303654
303660
303685
303687
303689
303691
303694
303696
303700
303706
303711
303713
303716
303732
303751
303756
303791
303815
303857
303875
303888
303909
303917
303927
303936
303954
303970
303981
304003
304014
304018
304025
304028
304032
304045
304047
304075
304077
304092
304163
304170
304171
304176
304181
304185
304208
304252
304263
304274
304291
304296
304298
304318
304325
304328
304333
304344
304353
304374
304397
304435
304480
304484
304485
304493
304503
304520
304547
304569
304593
304624
304628
304630
304641
304655
304673
304675
304686
304699
304717
304753
304760
304782
304796
304799
304808
304823
304826
304830
304844
304859
304886
304888
304908
304923
304928
304936
304950
304954
304974
304986
304998
304999
305024
305037
305048
305065
305068
305071
305076
305077
305079
305080
305089
305091
305114
305120
305134
305149
305182
305184
305188
305206
305213
305235
305255
305260
305311
305339
305348
305412
305425
305427
305445
305464
305465
305480
305483
305511
305515
305607
305611
305618
305624
305676
305746
305747
305749
305771
305792
305814
305816
305825
305829
305834
305867
305891
305908
305914
305918
305919
305947
305965
305969
305988
305989
305997
306002
306012
306020
306034
306055
306064
306073
306078
306082
306083
306088
306089
306108
306147
306151
306168
306256
306259
306313
306318
306320
306393
306394
306415
306424
306449
306451
306454
306467
306468
306480
306482
306498
306510
306515
306534
306538
306554
306583
306602
306615
306633
306648
306658
306659
306662
306663
306673
306703
306716
306723
306727
306733
306736
306747
306752
306760
306778
306787
306792
306799
306805
306871
306912
306949
306951
307000
307001
307006
307019
307031
307037
307044
307053
307069
307095
307122
307145
307156
307166
307171
307180
307183
307211
307245
307246
307294
307299
307318
307325
307352
307354
307362
307365
307373
307412
307417
307424
307430
307435
307458
307497
307498
307514
307526
307527
307542
307550
307559
307563
307567
307571
307587
307589
307622
307660
307666
307671
307681
307688
307701
307703
307721
307744
307747
307771
307783
307788
307797
307807
307854
307857
307884
307888
307905
307915
307929
307930
307943
307983
307993
308001
308003
308015
308025
308026
308035
308089
308098
308127
308139
308141
308146
308153
308156
308161
308162
308165
308176
308196
308211
308212
308276
308288
308298
308309
308321
308339
308382
308394
308398
308401
308403
308413
308414
308436
308442
308457
308481
308515
308547
308567
308572
308574
308583
308589
308616
308622
308680
308681
308686
308705
308706
308723
308735
308737
308754
308762
308798
308801
308815
308821
308826
308833
308836
308839
308869
308871
308875
308885
308914
308918
309005
309010
309014
309025
309027
309036
309090
309119
309128
309145
309162
309184
309195
309198
309204
309207
309218
309228
309285
309303
309308
309318
309324
309376
309383
309401
309403
309407
309413
309424
309426
309427
309428
309440
309507
309515
309517
309530
309542
309544
309559
309603
309605
309608
309658
309664
309677
309703
309727
309736
309737
309751
309763
309799
309802
309819
309828
309843
309844
309860
309864
309902
309907
309939
309942
309953
309956
309958
309966
309972
310000
310024
310066
310078
310082
310101
310110
310132
310133
310138
310139
310143
310145
310155
310167
310205
310208
310222
310226
310228
310246
310247
310260
310282
310283
310300
310304
310319
310325
310333
310370
310375
310376
310383
310392
310424
310433
310436
310442
310475
310478
310481
310484
310501
310502
310527
310551
310558
310568
310575
310579
310594
310609
310623
310632
310636
310641
310646
310680
310681
310762
310765
310806
310817
310820
310828
310838
310845
310884
310887
310914
310925
310931
310932
310951
310971
310973
311008
311048
311063
311066
311082
311092
311097
311104
311107
311114
311125
311151
311175
311183
311188
311192
311223
311257
311290
311319
311353
311358
311373
311380
311442
311470
311479
311490
311492
311517
311520
311527
311553
311581
311587
311591
311608
311620
311623
311635
311636
311654
311686
311701
311748
311749
311759
311774
311787
311791
311832
311877
311894
311949
311962
311964
312004
312005
312032
312034
312035
312037
312043
312085
312104
312110
312121
312123
312125
312143
312150
312160
312163
312175
312186
312213
312223
312224
312226
312255
312260
312266
312273
312282
312301
312344
312351
312363
312375
312382
312385
312403
312436
312446
312449
312454
312462
312465
312467
312470
312506
312540
312548
312551
312571
312594
312596
312599
312604
312637
312655
312657
312664
312673
312689
312695
312738
312787
312795
312814
312815
312819
312859
312889
312895
312917
312941
312946
312948
312949
312965
312988
312998
313018
313024
313028
313043
313054
313098
313102
313123
313129
313153
313201
313205
313212
313220
313225
313227
313265
313272
313274
313287
313317
313359
313397
313424
313427
313429
313432
313447
313474
313481
313482
313520
313530
313538
313578
313593
313598
313604
313635
313646
313669
313670
313680
313697
313720
313744
313754
313771
313772
313774
313794
313833
313838
313852
313857
313915
313938
313958
313983
313994
314012
314019
314024
314042
314057
314064
314077
314124
314130
314137
314140
314184
314217
314235
314243
314254
314258
314278
314287
314312
314328
314329
314335
314342
314363
314364
314373
314384
314404
314427
314450
314451
314458
314459
314500
314516
314524
314574
314587
314596
314597
314622
314634
314642
314656
314669
314694
314700
314701
314705
314724
314751
314752
314767
314772
314795
314797
314808
314867
314868
314908
314911
314921
315016
315054
315075
315079
315127
315131
315134
315140
315146
315158
315160
315199
315220
315226
315232
315233
315265
315277
315281
315298
315318
315332
315335
315386
315392
315393
315397
315412
315415
315425
315427
315438
315440
315452
315455
315457
315466
315494
315506
315517
315519
315521
315547
315551
315570
315606
315614
315617
315619
315627
315655
315656
315667
315688
315697
315698
315700
315701
315705
315707
315733
315760
315767
315810
315894
315915
315920
315922
315958
315966
315988
316005
316028
316038
316047
316085
316090
316117
316136
316141
316161
316166
316185
316186
316193
316206
316209
316214
316215
316216
316273
316284
316290
316304
316307
316331
316342
316353
316355
316361
316368
316385
316387
316394
316396
316412
316435
316444
316455
316473
316474
316478
316484
316500
316539
316554
316555
316557
316572
316605
316613
316617
316622
316643
316649
316653
316676
316687
316690
316722
316725
316756
316763
316764
316766
316771
316772
316775
316844
316868
316873
316876
316893
316921
316931
316937
316939
316949
316967
316969
316981
316989
316993
317002
317034
317039
317053
317055
317070
317125
317130
317142
317143
317149
317154
317158
317180
317183
317194
317216
317232
317234
317248
317290
317303
317305
317310
317330
317338
317340
317349
317385
317463
317467
317483
317484
317562
317612
317641
317647
317648
317653
317698
317712
317715
317718
317732
317749
317757
317779
317781
317793
317808
317812
317816
317820
317829
317842
317853
317859
317860
317863
317892
317918
317976
317987
317995
318009
318038
318045
318061
318079
318085
318113
318132
318156
318183
318223
318225
318230
318250
318264
318270
318277
318289
318328
318330
318345
318355
318381
318383
318395
318407
318424
318439
318441
318468
318478
318482
318491
318492
318495
318497
318505
318508
318525
318552
318563
318583
318587
318603
318607
318630
318635
318642
318659
318671
318678
318697
318745
318763
318779
318780
318781
318802
318827
318838
318861
318877
318878
318880
318891
318905
318912
318920
318921
318932
318937
318997
319066
319068
319076
319085
319096
319098
319106
319143
319147
319163
319169
319171
319205
319255
319300
319311
319325
319333
319379
319381
319391
319411
319413
319419
319420
319421
319486
319516
319534
319556
319557
319590
319643
319663
319679
319686
319688
319703
319706
319715
319767
319774
319798
319808
319809
319819
319839
319845
319856
319879
319887
319929
319978
319983
319996
320011
320024
320035
320041
320065
320073
320081
320082
320091
320104
320105
320128
320131
320138
320141
320146
320153
320158
320160
320174
320177
320190
320192
320196
320202
320214
320223
320234
320244
320273
320299
320309
320312
320347
320366
320389
320395
320417
320440
320457
320459
320488
320492
320508
320552
320564
320578
320607
320608
320619
320634
320637
320640
320653
320671
320690
320741
320743
320762
320768
320786
320800
320817
320821
320829
320835
320840
320852
320862
320877
320884
320886
320902
320919
320931
320942
320952
320965
320985
320989
321023
321038
321042
321044
321058
321076
321081
321083
321119
321133
321136
321141
321150
321172
321174
321186
321187
321207
321210
321269
321276
321287
321321
321346
321378
321388
321389
321465
321472
321473
321490
321541
321543
321545
321554
321578
321583
321590
321595
321609
321611
321621
321646
321648
321651
321659
321691
321705
321707
321723
321739
321748
321791
321822
321825
321865
321869
321872
321877
321904
321915
321916
321939
321942
321946
321948
322007
322030
322031
322036
322038
322045
322056
322059
322068
322105
322110
322167
322178
322189
322192
322204
322211
322223
322260
322281
322283
322307
322314
322320
322338
322346
322373
322374
322401
322408
322412
322455
322464
322484
322528
322546
322548
322550
322554
322672
322689
322704
322716
322720
322754
322755
322758
322765
322782
322803
322806
322821
322824
322847
322875
322906
322947
322968
322973
322996
323014
323036
323071
323096
323109
323116
323126
323139
323145
323152
323205
323206
323209
323217
323223
323236
323248
323262
323264
323278
323296
323300
323329
323345
323370
323391
323396
323399
323402
323405
323414
323432
323443
323454
323455
323457
323482
323489
323510
323527
323531
323534
323591
323596
323601
323614
323624
323629
323640
323641
323673
323695
323727
323759
323764
323779
323786
323787
323810
323835
323843
323869
323871
323875
323896
323941
323948
323969
323987
323989
324039
324055
324071
324075
324082
324103
324127
324138
324140
324146
324148
324149
324171
324184
324185
324196
324202
324239
324277
324279
324289
324297
324314
324317
324322
324323
324339
324396
324405
324422
324439
324447
324459
324501
324502
324515
324516
324517
324522
324531
324533
324536
324579
324582
324588
324594
324600
324610
324616
324620
324628
324671
324676
324698
324699
324703
324716
324719
324733
324735
324744
324751
324763
324765
324769
324783
324840
324855
324893
324897
324904
324936
324937
324971
324977
325030
325033
325036
325042
325049
325063
325064
325069
325091
325104
325107
325123
325139
325193
325198
325266
325280
325302
325304
325310
325314
325335
325342
325343
325361
325376
325388
325429
325451
325453
325456
325462
325464
325497
325499
325500
325501
325507
325563
325587
325589
325601
325627
325628
325631
325650
325662
325672
325688
325702
325712
325714
325745
325756
325781
325784
325786
325806
325821
325832
325838
325873
325876
325887
325894
325913
325921
325927
325930
325960
325972
325994
325999
326004
326016
326039
326041
326046
326062
326069
326102
326118
326121
326130
326136
326150
326153
326161
326165
326179
326194
326197
326226
326231
326248
326313
326320
326327
326350
326363
326378
326381
326409
326414
326417
326444
326476
326482
326495
326539
326548
326549
326559
326570
326580
326596
326623
326626
326640
326643
326644
326652
326663
326671
326688
326689
326715
326732
326799
326814
326817
326821
326823
326827
326835
326858
326860
326882
326885
326910
326913
326926
326967
326979
326994
327011
327020
327021
327075
327080
327098
327099
327119
327123
327137
327163
327198
327202
327206
327238
327257
327258
327266
327281
327299
327313
327318
327366
327375
327406
327414
327443
327468
327496
327524
327574
327584
327610
327615
327629
327640
327649
327654
327658
327696
327703
327708
327751
327754
327759
327760
327783
327813
327819
327831
327852
327854
327871
327884
327932
327945
327949
327967
327977
328002
328006
328038
328084
328110
328113
328122
328185
328196
328198
328208
328238
328261
328281
328287
328295
328297
328307
328312
328332
328346
328374
328399
328404
328461
328488
328489
328494
328507
328509
328541
328550
328564
328586
328600
328607
328611
328613
328656
328661
328678
328682
328683
328706
328727
328730
328736
328740
328749
328763
328775
328803
328837
328852
328868
328879
328881
328913
328924
328935
328936
328945
328957
328971
328978
329000
329019
329027
329032
329041
329045
329052
329060
329062
329074
329095
329111
329118
329124
329128
329136
329137
329140
329148
329155
329171
329178
329183
329193
329212
329224
329234
329238
329246
329276
329313
329317
329326
329350
329396
329422
329423
329426
329436
329437
329451
329463
329493
329499
329516
329521
329551
329572
329577
329578
329588
329598
329613
329622
329623
329628
329652
329669
329674
329676
329682
329689
329720
329736
329752
329754
329786
329807
329813
329818
329835
329866
329875
329878
329882
329904
329956
329964
329987
329989
329992
329999
330004
330022
330056
330061
330066
330070
330071
330089
330118
330125
330143
330155
330159
330166
330176
330184
330186
330227
330229
330233
330235
330241
330245
330262
330274
330276
330280
330287
330316
330328
330337
330342
330345
330351
330355
330373
330415
330473
330480
330488
330517
330520
330589
330594
330625
330632
330666
330672
330688
330694
330714
330715
330753
330756
330762
330779
330821
330837
330841
330885
330894
330898
330902
330903
330910
330913
330920
330927
330950
330969
330995
330999
331000
331003
331009
331013
331029
331037
331061
331066
331069
331072
331083
331088
331100
331137
331167
331174
331181
331183
331189
331197
331215
331218
331219
331227
331228
331242
331254
331295
331310
331323
331330
331339
331358
331389
331398
331401
331403
331407
331415
331421
331438
331441
331455
331457
331464
331495
331498
331509
331547
331553
331567
331610
331611
331622
331651
331668
331670
331671
331675
331693
331705
331731
331754
331794
331826
331834
331862
331864
331881
331882
331920
331929
331960
331970
331974
331996
332001
332008
332030
332053
332084
332100
332102
332122
332126
332129
332150
332263
332289
332292
332294
332328
332331
332334
332351
332353
332361
332369
332394
332425
332426
332431
332440
332441
332443
332451
332458
332465
332473
332478
332514
332547
332558
332577
332600
332601
332615
332619
332624
332677
332693
332699
332725
332733
332746
332748
332750
332754
332781
332795
332798
332805
332813
332826
332845
332866
332879
332883
332931
332940
332945
333015
333017
333027
333030
333049
333050
333060
333063
333071
333085
333088
333120
333139
333147
333156
333184
333191
333230
333234
333238
333245
333261
333271
333289
333310
333342
333386
333412
333424
333434
333439
333449
333489
333496
333500
333501
333505
333531
333533
333539
333548
333624
333639
333666
333669
333676
333701
333715
333719
333732
333742
333746
333762
333768
333787
333791
333837
333864
333869
333877
333890
333891
333917
333924
333925
333955
334020
334050
334073
334084
334085
334086
334092
334097
334106
334107
334140
334157
334185
334200
334214
334242
334266
334271
334273
334300
334305
334313
334318
334344
334362
334376
334394
334412
334418
334431
334439
334454
334498
334502
334506
334516
334531
334550
334561
334594
334608
334622
334677
334705
334721
334751
334773
334832
334836
334837
334845
334872
334908
334945
334947
334972
334992
335020
335029
335040
335061
335064
335086
335089
335105
335128
335138
335161
335165
335179
335194
335197
335205
335222
335232
335260
335263
335267
335275
335282
335293
335296
335299
335315
335354
335380
335395
335400
335410
335412
335422
335443
335462
335509
335517
335519
335524
335528
335529
335537
335546
335575
335580
335582
335594
335605
335608
335730
335737
335753
335757
335775
335784
335797
335813
335819
335887
335894
335905
335909
335912
335940
335988
335990
336006
336012
336029
336033
336060
336081
336097
336109
336132
336133
336146
336158
336167
336177
336195
336233
336242
336245
336247
336248
336269
336293
336303
336311
336324
336330
336406
336425
336433
336436
336438
336491
336514
336523
336551
336560
336567
336572
336580
336610
336625
336633
336634
336635
336640
336658
336675
336679
336682
336686
336703
336716
336732
336763
336790
336803
336821
336823
336829
336877
336897
336903
336905
336910
336911
336920
336933
336934
336937
336983
337012
337050
337071
337082
337091
337092
337110
337115
337139
337155
337161
337166
337171
337176
337251
337261
337267
337272
337279
337301
337303
337311
337315
337325
337339
337342
337361
337385
337418
337432
337452
337466
337504
337524
337531
337538
337540
337564
337567
337571
337573
337577
337589
337590
337596
337603
337612
337651
337667
337679
337686
337693
337699
337715
337736
337744
337750
337751
337752
337770
337774
337806
337817
337838
337846
337871
337884
337902
337923
337926
337986
338007
338045
338046
338048
338053
338071
338073
338076
338080
338084
338089
338114
338131
338132
338144
338150
338153
338162
338189
338196
338204
338208
338209
338220
338221
338224
338225
338228
338230
338277
338302
338310
338321
338322
338329
338342
338356
338399
338401
338410
338419
338454
338459
338489
338518
338533
338542
338547
338551
338552
338554
338574
338580
338584
338585
338590
338604
338624
338647
338648
338652
338682
338686
338689
338701
338706
338707
338715
338717
338724
338728
338731
338733
338805
338806
338807
338845
338877
338878
338879
338891
338902
338915
338923
338940
338958
338959
338965
338969
338981
338992
338997
339026
339060
339070
339079
339097
339101
339132
339136
339146
339152
339164
339252
339262
339268
339272
339274
339305
339311
339317
339325
339372
339399
339405
339412
339476
339495
339503
339507
339516
339522
339535
339551
339564
339577
339578
339586
339587
339591
339602
339623
339645
339662
339668
339673
339680
339682
339686
339690
339695
339698
339710
339736
339772
339792
339793
339797
339799
339824
339844
339846
339869
339871
339873
339874
339901
339943
339965
339974
340009
340011
340031
340047
340052
340091
340100
340108
340132
340133
340144
340145
340152
340156
340159
340169
340179
340189
340228
340231
340254
340304
340305
340321
340338
340367
340376
340385
340397
340440
340453
340480
340485
340495
340504
340534
340548
340560
340569
340580
340585
340593
340594
340628
340674
340692
340721
340724
340741
340745
340752
340802
340808
340823
340825
340844
340858
340886
340887
340904
340906
340917
340927
340940
340984
340999
341005
341007
341035
341054
341073
341094
341125
341138
341155
341164
341179
341187
341232
341234
341238
341250
341253
341296
341315
341356
341370
341373
341376
341379
341386
341397
341419
341426
341441
341456
341480
341584
341594
341598
341601
341615
341649
341658
341664
341671
341677
341685
341699
341743
341747
341749
341751
341756
341759
341763
341766
341769
341781
341795
341844
341848
341859
341864
341871
341884
341905
341911
341914
341922
341924
341949
341964
341967
341974
342028
342035
342049
342074
342078
342110
342113
342129
342152
342178
342215
342228
342231
342237
342243
342252
342296
342308
342310
342322
342329
342335
342349
342366
342371
342401
342406
342482
342493
342501
342504
342532
342553
342558
342610
342617
342624
342629
342634
342649
342681
342695
342737
342750
342761
342768
342770
342772
342801
342804
342811
342812
342820
342836
342842
342876
342878
342884
342901
342924
342938
342952
342956
342974
342976
342977
342980
342993
342995
343012
343027
343043
343044
343075
343129
343130
343146
343169
343182
343197
343202
343233
343243
343253
343261
343264
343278
343287
343312
343322
343333
343342
343363
343433
343436
343442
343444
343475
343486
343489
343490
343509
343537
343556
343557
343574
343598
343621
343647
343694
343695
343708
343732
343737
343789
343804
343813
343866
343867
343869
343873
343883
343904
343908
343929
343935
343949
343965
343968
343973
343983
343989
344000
344009
344010
344013
344023
344060
344071
344096
344106
344112
344120
344133
344155
344184
344186
344204
344209
344233
344239
344241
344291
344292
344329
344368
344376
344381
344385
344389
344408
344416
344422
344429
344458
344469
344470
344477
344478
344485
344523
344554
344564
344572
344573
344576
344577
344604
344617
344631
344638
344651
344669
344680
344689
344708
344714
344718
344722
344728
344735
344737
344748
344777
344781
344782
344783
344802
344806
344807
344821
344822
344825
344832
344846
344874
344883
344918
344920
344925
344941
344956
344962
344977
344984
345014
345022
345035
345045
345051
345068
345072
345078
345080
345114
345119
345121
345171
345189
345199
345205
345209
345251
345257
345268
345276
345282
345287
345296
345325
345327
345347
345358
345367
345373
345440
345455
345460
345473
345475
345479
345494
345498
345501
345505
345511
345537
345614
345641
345643
345654
345655
345663
345682
345700
345706
345722
345726
345730
345735
345737
345751
345775
345781
345797
345824
345869
345878
345900
345902
345914
345920
345928
345931
345941
345943
345946
345959
345981
345982
345992
345994
345998
346007
346016
346017
346023
346040
346046
346053
346065
346076
346084
346113
346118
346129
346138
346144
346150
346168
346199
346206
346219
346266
346286
346307
346340
346351
346360
346367
346380
346391
346428
346442
346448
346454
346456
346536
346545
346571
346575
346577
346586
346589
346607
346617
346618
346643
346653
346706
346718
346720
346744
346762
346763
346764
346775
346787
346826
346840
346851
346874
346876
346883
346892
346918
346927
346959
346960
346965
346979
346980
346986
347002
347006
347033
347044
347060
347064
347076
347088
347118
347135
347139
347151
347181
347185
347210
347215
347224
347226
347231
347232
347236
347240
347246
347278
347282
347346
347350
347352
347360
347373
347390
347402
347405
347427
347457
347465
347483
347491
347523
347526
347573
347597
347638
347639
347643
347658
347715
347728
347770
347798
347800
347811
347815
347816
347861
347871
347879
347889
347906
347916
347947
347957
347960
347964
348008
348009
348010
348014
348026
348034
348080
348095
348119
348123
348127
348140
348164
348194
348215
348216
348227
348237
348247
348255
348277
348303
348319
348330
348338
348341
348348
348350
348360
348361
348402
348407
348455
348470
348494
348514
348543
348551
348573
348583
348586
348604
348610
348633
348644
348674
348683
348684
348714
348717
348739
348765
348777
348784
348789
348831
348855
348868
348894
348950
348957
348962
348969
348980
348982
349001
349066
349090
349103
349116
349129
349155
349163
349165
349171
349198
349204
349215
349216
349231
349253
349278
349285
349288
349304
349312
349326
349339
349347
349354
349389
349393
349394
349403
349423
349428
349429
349430
349450
349456
349458
349463
349472
349475
349494
349495
349528
349532
349557
349592
349628
349639
349644
349656
349668
349696
349711
349726
349729
349749
349755
349756
349757
349766
349803
349811
349815
349818
349851
349854
349858
349866
349867
349873
349875
349884
349885
349886
349895
349898
349918
349935
349966
349987
349998
350003
350014
350028
350036
350045
350057
350071
350073
350087
350088
350089
350092
350098
350133
350139
350161
350164
350165
350167
350172
350175
350187
350189
350242
350251
350270
350309
350311
350316
350326
350349
350360
350365
350378
350384
350385
350391
350405
350424
350441
350454
350455
350474
350475
350476
350481
350483
350491
350544
350557
350585
350597
350609
350656
350662
350673
350676
350692
350715
350732
350742
350751
350769
350770
350772
350779
350797
350798
350807
350809
350819
350833
350846
350857
350870
350877
350878
350882
350908
350935
350942
350968
350993
350994
351011
351015
351033
351047
351049
351051
351057
351066
351069
351081
351085
351099
351107
351131
351142
351143
351152
351159
351172
351194
351203
351223
351235
351236
351255
351271
351279
351287
351357
351364
351368
351378
351385
351386
351393
351404
351421
351422
351435
351438
351443
351452
351453
351486
351494
351528
351534
351569
351574
351589
351596
351603
351648
351666
351671
351676
351693
351721
351722
351726
351732
351735
351769
351773
351782
351833
351852
351877
351880
351889
351892
351918
351948
351978
351984
351986
351987
351993
351999
352042
352049
352061
352067
352071
352091
352093
352099
352130
352138
352159
352166
352177
352187
352188
352219
352230
352246
352263
352264
352266
352276
352350
352351
352370
352380
352384
352385
352391
352411
352426
352453
352454
352461
352469
352506
352534
352540
352570
352592
352606
352611
352616
352638
352654
352660
352672
352692
352695
352723
352753
352768
352789
352796
352807
352848
352850
352861
352863
352866
352872
352882
352885
352896
352913
352949
353031
353036
353064
353082
353083
353093
353119
353129
353136
353137
353149
353156
353190
353214
353286
353294
353298
353325
353333
353340
353345
353348
353361
353364
353392
353448
353456
353476
353485
353495
353496
353532
353533
353565
353571
353583
353584
353594
353616
353642
353651
353689
353698
353702
353709
353714
353769
353775
353779
353780
353793
353846
353868
353875
353877
353878
353879
353894
353901
353902
353905
353918
353919
353978
353986
354017
354024
354040
354093
354096
354102
354122
354127
354128
354136
354159
354185
354212
354265
354280
354284
354285
354294
354316
354333
354334
354347
354361
354365
354370
354372
354407
354423
354457
354462
354467
354502
354503
354504
354550
354564
354594
354617
354638
354686
354697
354720
354721
354738
354741
354751
354787
354788
354798
354808
354829
354838
354844
354845
354881
354889
354901
354910
354921
354924
354934
354941
354964
354978
354982
355007
355043
355051
355063
355104
355105
355116
355143
355145
355155
355164
355175
355198
355200
355222
355251
355255
355256
355258
355281
355288
355317
355333
355375
355378
355385
355406
355414
355423
355493
355503
355539
355585
355605
355618
355634
355636
355644
355663
355664
355670
355680
355712
355730
355748
355771
355774
355776
355790
355802
355811
355866
355882
355912
355933
355978
355998
356008
356014
356062
356071
356076
356095
356101
356103
356111
356117
356148
356151
356160
356163
356187
356245
356254
356310
356332
356361
356367
356368
356389
356391
356402
356403
356405
356470
356491
356492
356502
356521
356529
356533
356537
356584
356593
356597
356613
356631
356657
356658
356671
356682
356685
356696
356704
356705
356728
356730
356741
356760
356765
356772
356804
356807
356819
356874
356876
356886
356892
356893
356907
356963
356973
356991
357025
357027
357063
357067
357076
357080
357114
357126
357133
357151
357154
357165
357187
357198
357220
357233
357240
357243
357264
357277
357283
357354
357357
357364
357380
357399
357414
357435
357481
357519
357523
357540
357549
357596
357609
357611
357622
357651
357685
357701
357706
357719
357767
357862
357876
357881
357888
357898
357905
357930
357967
358000
358003
358007
358043
358049
358050
358053
358064
358083
358091
358093
358101
358103
358109
358125
358143
358161
358167
358171
358186
358219
358237
358239
358269
358273
358277
358291
358304
358316
358338
358341
358343
358345
358347
358363
358365
358393
358426
358445
358458
358460
358465
358468
358487
358505
358511
358521
358534
358538
358583
358590
358622
358623
358651
358660
358664
358679
358735
358764
358827
358857
358859
358893
358894
358917
358942
358965
358978
358979
359018
359037
359080
359092
359143
359182
359187
359198
359214
359218
359224
359251
359255
359259
359330
359356
359364
359367
359393
359394
359406
359411
359485
359492
359498
359501
359526
359536
359557
359566
359580
359600
359632
359644
359648
359661
359666
359691
359695
359724
359725
359726
359734
359738
359746
359755
359772
359785
359794
359796
359800
359804
359818
359833
359843
359854
359860
359862
359880
359883
359896
359900
359924
359937
359954
359955
359957
359968
359990
359996
360007
360011
360018
360039
360050
360052
360064
360065
360066
360076
360094
360114
360142
360148
360158
360159
360188
360196
360201
360211
360224
360270
360288
360291
360298
360299
360319
360339
360354
360369
360389
360395
360396
360444
360454
360455
360460
360461
360500
360502
360506
360510
360530
360541
360547
360554
360574
360577
360587
360605
360615
360658
360665
360670
360688
360702
360755
360772
360787
360792
360814
360829
360831
360837
360838
360842
360850
360856
360869
360870
360889
360901
360903
360905
360918
360924
360934
360953
360973
360986
360993
361062
361071
361075
361086
361118
361129
361163
361193
361194
361216
361231
361240
361249
361264
361271
361277
361290
361302
361322
361339
361340
361347
361352
361367
361381
361394
361400
361403
361408
361413
361442
361449
361483
361501
361525
361533
361551
361552
361572
361608
361612
361618
361622
361626
361633
361636
361642
361657
361668
361673
361695
361697
361727
361728
361731
361749
361761
361765
361793
361799
361802
361823
361826
361828
361833
361849
361859
361884
361903
361906
361963
361978
361985
362005
362016
362020
362027
362042
362044
362049
362063
362072
362096
362110
362111
362128
362129
362136
362149
362153
362158
362170
362175
362202
362208
362231
362239
362240
362279
362283
362287
362295
362304
362307
362317
362345
362354
362382
362406
362407
362409
362433
362444
362447
362453
362455
362496
362502
362511
362521
362577
362585
362638
362642
362653
362664
362665
362668
362681
362699
362706
362724
362750
362755
362782
362793
362818
362831
362834
362850
362874
362875
362891
362929
362948
362952
362982
362992
363002
363009
363041
363099
363102
363107
363129
363132
363155
363166
363175
363177
363188
363189
363199
363206
363225
363242
363246
363254
363277
363293
363302
363308
363320
363353
363355
363369
363395
363411
363426
363433
363449
363473
363479
363487
363491
363518
363521
363522
363525
363558
363561
363567
363589
363596
363601
363603
363617
363651
363678
363687
363688
363692
363720
363732
363736
363747
363751
363761
363770
363795
363814
363840
363856
363875
363891
363906
363911
363929
363937
363946
363947
363950
364003
364019
364023
364028
364033
364046
364052
364064
364082
364097
364109
364126
364155
364199
364200
364209
364212
364247
364260
364276
364289
364327
364328
364352
364360
364362
364365
364377
364386
364415
364448
364450
364451
364457
364460
364461
364467
364487
364495
364512
364518
364529
364539
364543
364579
364614
364636
364646
364732
364743
364747
364753
364755
364758
364766
364805
364809
364813
364818
364853
364855
364874
364911
364929
364944
364952
364957
364964
365000
365006
365010
365031
365037
365038
365057
365067
365082
365099
365114
365117
365118
365177
365219
365234
365241
365279
365304
365305
365316
365348
365369
365373
365376
365377
365393
365396
365412
365424
365431
365449
365471
365482
365494
365499
365500
365502
365509
365511
365520
365521
365529
365530
365571
365595
365617
365621
365625
365632
365646
365731
365743
365755
365782
365817
365860
365870
365880
365888
365890
365910
365927
365968
365977
365978
365993
366003
366009
366019
366028
366036
366045
366050
366064
366067
366068
366088
366094
366106
366136
366148
366167
366169
366186
366187
366202
366213
366217
366223
366250
366267
366273
366282
366285
366296
366310
366348
366349
366350
366352
366366
366378
366400
366404
366413
366418
366437
366439
366442
366456
366458
366466
366494
366510
366518
366537
366538
366583
366625
366663
366668
366694
366712
366723
366726
366729
366749
366766
366773
366784
366807
366817
366831
366846
366847
366856
366864
366876
366883
366921
366929
366932
366933
367018
367022
367032
367044
367055
367060
367074
367083
367092
367096
367101
367120
367125
367142
367144
367165
367174
367184
367187
367212
367215
367234
367253
367261
367270
367284
367291
367297
367299
367313
367337
367346
367369
367405
367410
367433
367441
367445
367466
367483
367487
367502
367520
367521
367523
367538
367576
367583
367611
367613
367615
367650
367655
367682
367683
367689
367712
367714
367727
367732
367739
367762
367770
367785
367786
367803
367853
367854
367855
367873
367886
367921
367942
367943
367950
367956
367989
367998
368053
368063
368082
368093
368119
368136
368137
368165
368176
368181
368183
368188
368229
368250
368256
368259
368262
368266
368270
368271
368272
368276
368327
368397
368415
368432
368437
368439
368453
368463
368483
368500
368512
368516
368533
368576
368626
368630
368656
368719
368720
368722
368740
368742
368743
368752
368759
368762
368766
368796
368801
368809
368831
368840
368864
368886
368907
368931
368961
368993
369001
369004
369014
369038
369039
369059
369065
369070
369089
369108
369135
369139
369148
369149
369151
369164
369179
369181
369203
369245
369257
369261
369272
369277
369308
369313
369314
369342
369350
369384
369392
369424
369456
369461
369462
369464
369483
369485
369500
369513
369541
369543
369583
369593
369623
369652
369684
369685
369693
369704
369718
369726
369755
369782
369789
369877
369878
369886
369920
369935
369960
369973
369974
369981
369992
370011
370030
370036
370039
370049
370064
370131
370147
370155
370157
370191
370193
370205
370232
370243
370272
370283
370286
370299
370316
370341
370358
370396
370405
370422
370426
370432
370446
370447
370448
370451
370477
370530
370534
370551
370560
370561
370566
370586
370588
370591
370599
370617
370626
370637
370642
370645
370670
370671
370676
370688
370740
370742
370748
370749
370756
370757
370792
370801
370814
370841
370858
370862
370887
370919
370921
370922
370927
370932
370933
370936
370953
370955
370957
370962
370971
370972
370978
370985
371008
371024
371028
371036
371059
371063
371066
371068
371112
371184
371199
371219
371223
371262
371290
371302
371307
371329
371334
371368
371370
371380
371396
371442
371443
371444
371449
371464
371488
371515
371524
371529
371552
371560
371566
371575
371606
371609
371611
371614
371616
371628
371631
371644
371666
371714
371740
371741
371745
371755
371764
371766
371792
371800
371821
371831
371832
371865
371867
371875
371879
371900
371907
371918
371923
371961
371992
371997
372000
372012
372030
372034
372070
372087
372102
372132
372140
372141
372181
372202
372218
372247
372262
372264
372286
372291
372317
372339
372346
372369
372447
372448
372461
372467
372488
372516
372526
372554
372557
372558
372563
372578
372592
372599
372600
372618
372636
372659
372662
372697
372700
372708
372720
372722
372741
372743
372746
372747
372756
372764
372786
372791
372800
372804
372814
372821
372822
372835
372837
372843
372846
372853
372855
372871
372879
372880
372894
372905
372918
372935
372937
372942
372981
372993
373020
373046
373072
373113
373157
373195
373198
373235
373237
373247
373251
373258
373265
373280
373294
373305
373309
373343
373368
373380
373384
373393
373396
373398
373403
373419
373422
373426
373427
373466
373470
373474
373494
373505
373510
373514
373515
373535
373536
373541
373544
373547
373554
373565
373571
373574
373575
373583
373606
373619
373623
373627
373642
373648
373655
373697
373708
373715
373723
373734
373743
373751
373752
373765
373809
373810
373812
373827
373831
373838
373852
373895
373902
373931
373941
373964
373989
374017
374029
374035
374045
374061
374076
374079
374100
374114
374142
374180
374188
374196
374199
374203
374226
374228
374240
374253
374262
374263
374277
374293
374303
374326
374329
374332
374339
374355
374377
374378
374381
374397
374403
374410
374414
374416
374428
374432
374433
374445
374448
374458
374459
374463
374480
374497
374509
374523
374534
374552
374659
374660
374670
374686
374699
374703
374711
374746
374768
374775
374777
374791
374794
374825
374848
374849
374882
374890
374897
374907
374919
374920
374960
374961
374970
374986
374995
374998
375003
375009
375011
375035
375061
375062
375069
375084
375122
375125
375126
375174
375219
375220
375230
375267
375289
375308
375309
375366
375372
375377
375390
375405
375420
375433
375471
375479
375551
375619
375620
375650
375651
375656
375693
375708
375724
375729
375734
375777
375782
375842
375859
375862
375872
375882
375906
375911
375921
375932
375940
375956
375968
375989
376000
376002
376007
376009
376018
376038
376045
376063
376064
376078
376081
376104
376109
376129
376150
376179
376194
376205
376216
376217
376221
376244
376249
376258
376286
376297
376311
376334
376337
376396
376411
376416
376425
376431
376463
376477
376492
376523
376538
376547
376556
376562
376568
376576
376595
376617
376629
376643
376646
376669
376683
376702
376710
376711
376738
376744
376755
376761
376788
376795
376804
376846
376871
376886
376901
376922
376930
376937
376956
376971
376997
377009
377057
377062
377070
377100
377114
377120
377132
377154
377156
377159
377173
377206
377215
377224
377247
377248
377257
377263
377275
377279
377295
377297
377325
377334
377385
377390
377391
377393
377405
377416
377459
377461
377483
377484
377488
377524
377540
377541
377559
377560
377595
377599
377604
377620
377622
377638
377641
377642
377654
377664
377683
377703
377718
377753
377767
377786
377799
377821
377825
377838
377846
377848
377857
377896
377904
377919
377935
377987
378003
378005
378022
378043
378045
378047
378069
378070
378103
378120
378121
378125
378128
378160
378166
378172
378175
378232
378243
378246
378249
378268
378272
378303
378304
378306
378311
378312
378323
378334
378340
378349
378379
378396
378401
378411
378421
378447
378454
378471
378474
378481
378527
378547
378556
378567
378574
378631
378653
378657
378660
378675
378698
378708
378715
378729
378739
378743
378755
378781
378796
378802
378805
378815
378830
378847
378866
378890
378910
378918
378923
378929
378944
378988
378995
379023
379036
379073
379080
379125
379128
379136
379153
379173
379185
379188
379197
379208
379213
379225
379252
379254
379293
379302
379316
379349
379367
379416
379419
379467
379468
379479
379495
379496
379499
379509
379520
379543
379556
379559
379622
379624
379630
379651
379653
379657
379669
379701
379733
379736
379745
379754
379755
379778
379781
379793
379809
379817
379840
379849
379854
379893
379899
379908
379909
379910
379931
379944
379963
379989
379991
379995
379996
380015
380056
380069
380104
380110
380119
380143
380195
380210
380229
380233
380255
380256
380260
380261
380339
380342
380345
380351
380353
380359
380364
380370
380405
380415
380452
380480
380504
380507
380508
380512
380537
380538
380552
380573
380581
380585
380587
380592
380651
380653
380671
380716
380726
380748
380750
380756
380757
380767
380769
380776
380786
380791
380792
380794
380797
380814
380816
380818
380866
380868
380872
380877
380881
380898
380966
380970
380977
380990
380992
381008
381026
381042
381051
381055
381077
381092
381097
381120
381123
381134
381139
381200
381234
381237
381263
381269
381271
381272
381274
381304
381307
381348
381361
381374
381377
381413
381430
381438
381458
381464
381466
381489
381506
381538
381551
381554
381567
381568
381571
381578
381582
381633
381664
381696
381705
381706
381752
381753
381766
381794
381798
381807
381819
381820
381824
381833
381872
381897
381901
381905
381910
381918
381922
381930
381934
381938
381944
381945
381958
381967
381972
382010
382026
382052
382055
382060
382063
382117
382133
382146
382159
382170
382173
382180
382182
382185
382195
382199
382200
382202
382203
382209
382222
382231
382253
382256
382260
382263
382285
382287
382291
382292
382300
382302
382310
382331
382336
382381
382412
382413
382426
382446
382448
382454
382462
382502
382517
382536
382553
382561
382585
382587
382598
382600
382605
382615
382616
382626
382648
382673
382674
382684
382705
382723
382729
382745
382816
382828
382832
382833
382865
382896
382898
382911
382914
382916
382919
382929
382944
382986
382989
383001
383020
383022
383063
383073
383078
383087
383124
383125
383143
383162
383165
383166
383168
383174
383177
383183
383195
383213
383216
383228
383239
383289
383323
383339
383354
383363
383364
383379
383388
383395
383407
383408
383432
383434
383440
383448
383466
383469
383475
383480
383495
383519
383523
383539
383546
383598
383614
383623
383632
383645
383655
383656
383665
383668
383690
383712
383716
383726
383730
383787
383792
383801
383818
383850
383854
383855
383869
383882
383897
383902
383935
383944
383951
383972
383992
383999
384002
384004
384024
384028
384046
384094
384103
384108
384111
384112
384119
384133
384134
384136
384144
384180
384183
384190
384226
384236
384259
384262
384297
384368
384388
384409
384416
384417
384436
384463
384486
384518
384535
384549
384593
384599
384624
384658
384663
384697
384707
384753
384764
384790
384812
384813
384829
384865
384895
384909
384913
384928
384947
384948
384970
385002
385026
385060
385069
385091
385094
385118
385126
385159
385160
385186
385196
385203
385208
385212
385232
385235
385241
385276
385299
385315
385322
385332
385397
385402
385403
385405
385410
385414
385452
385453
385495
385517
385536
385544
385546
385572
385591
385594
385595
385628
385639
385656
385669
385687
385699
385713
385721
385728
385729
385733
385744
385788
385796
385798
385807
385809
385816
385834
385875
385888
385894
385898
385899
385910
385938
385944
385951
385963
385971
385988
385998
386002
386006
386018
386026
386042
386080
386120
386138
386145
386148
386164
386165
386175
386179
386200
386241
386257
386265
386279
386283
386288
386321
386359
386387
386404
386411
386427
386446
386457
386467
386493
386495
386499
386501
386507
386513
386522
386569
386597
386609
386618
386676
386677
386684
386687
386712
386716
386726
386764
386770
386783
386789
386808
386811
386824
386845
386854
386857
386865
386868
386884
386900
386902
386911
386938
386942
386958
386970
386983
387013
387017
387019
387047
387059
387134
387164
387234
387262
387275
387286
387301
387302
387304
387316
387330
387356
387381
387395
387432
387451
387457
387470
387509
387523
387530
387537
387539
387549
387559
387579
387593
387603
387608
387646
387680
387693
387705
387722
387735
387765
387795
387812
387827
387833
387846
387850
387852
387870
387873
387875
387905
387925
387942
387948
387953
387960
387963
387968
387971
387995
388033
388062
388073
388081
388082
388094
388096
388100
388106
388138
388166
388173
388180
388190
388200
388225
388238
388243
388258
388279
388283
388311
388320
388359
388382
388383
388411
388445
388472
388492
388494
388496
388529
388531
388552
388604
388605
388622
388623
388633
388641
388649
388653
388658
388660
388667
388670
388672
388681
388687
388718
388726
388754
388761
388773
388777
388804
388825
388833
388846
388848
388851
388918
388961
388964
388967
388976
388978
388979
388996
389062
389067
389068
389073
389074
389077
389082
389084
389106
389149
389159
389170
389182
389194
389201
389202
389241
389248
389250
389279
389323
389365
389383
389394
389400
389420
389426
389435
389459
389463
389467
389491
389508
389525
389537
389561
389571
389573
389593
389599
389613
389626
389629
389645
389657
389661
389663
389670
389693
389703
389746
389755
389756
389773
389780
389821
389885
389899
389960
389986
389995
390000
390006
390021
390027
390042
390044
390151
390157
390165
390170
390172
390180
390182
390192
390219
390252
390259
390264
390265
390268
390271
390280
390281
390301
390307
390334
390347
390385
390386
390397
390400
390403
390409
390414
390420
390429
390435
390458
390460
390478
390479
390487
390514
390524
390525
390559
390562
390584
390593
390598
390603
390609
390620
390630
390647
390657
390696
390707
390755
390756
390760
390762
390778
390781
390795
390798
390827
390835
390853
390857
390865
390874
390894
390910
390918
390930
390988
390996
391003
391006
391019
391040
391048
391069
391078
391094
391109
391125
391138
391155
391165
391173
391193
391212
391217
391222
391232
391261
391334
391340
391343
391351
391356
391361
391362
391375
391379
391392
391398
391411
391427
391454
391484
391505
391508
391520
391546
391549
391561
391564
391570
391583
391604
391618
391653
391657
391658
391659
391670
391692
391697
391706
391732
391740
391750
391752
391756
391782
391834
391843
391848
391856
391857
391890
391894
391898
391924
391927
391940
391974
391978
391983
392007
392019
392030
392035
392065
392088
392093
392096
392112
392118
392123
392135
392148
392153
392165
392174
392196
392216
392221
392237
392241
392248
392253
392265
392284
392338
392386
392456
392477
392498
392501
392502
392522
392527
392537
392544
392554
392572
392580
392617
392619
392621
392631
392646
392654
392657
392690
392692
392698
392700
392706
392723
392734
392766
392769
392772
392809
392818
392829
392831
392834
392859
392875
392878
392881
392884
392887
392906
392909
392923
392936
392938
392939
392948
392999
393009
393022
393043
393047
393048
393054
393086
393089
393091
393125
393128
393141
393160
393172
393177
393186
393197
393212
393219
393238
393241
393250
393260
393261
393268
393270
393291
393301
393312
393314
393341
393361
393378
393393
393400
393404
393405
393444
393466
393471
393486
393487
393496
393519
393528
393539
393556
393568
393584
393587
393588
393593
393603
393624
393625
393648
393667
393692
393695
393699
393704
393720
393785
393794
393827
393828
393858
393866
393876
393878
393897
393899
393906
393915
393926
393967
393977
394001
394005
394015
394030
394034
394035
394044
394045
394062
394098
394099
394130
394132
394142
394156
394161
394164
394176
394203
394221
394242
394243
394246
394253
394265
394285
394319
394362
394390
394392
394426
394434
394436
394441
394477
394512
394524
394529
394536
394558
394566
394573
394579
394582
394588
394599
394614
394615
394621
394641
394652
394676
394684
394685
394691
394694
394695
394708
394712
394724
394740
394746
394764
394799
394807
394823
394838
394848
394852
394858
394863
394865
394876
394878
394882
394933
394954
394972
394975
394979
394990
395006
395012
395013
395014
395026
395036
395037
395047
395062
395080
395105
395114
395138
395157
395159
395168
395176
395180
395197
395239
395242
395246
395250
395254
395258
395264
395271
395280
395281
395290
395309
395316
395368
395373
395411
395417
395451
395456
395457
395482
395545
395552
395553
395567
395574
395579
395593
395666
395673
395675
395687
395710
395737
395738
395743
395744
395754
395797
395803
395847
395852
395869
395879
395885
395888
395892
395907
395926
395927
395946
395980
395982
395985
395998
396002
396014
396078
396083
396097
396109
396131
396157
396182
396199
396206
396209
396238
396279
396300
396303
396314
396315
396330
396333
396337
396339
396343
396374
396398
396417
396418
396426
396431
396433
396437
396470
396485
396504
396506
396507
396525
396547
396562
396581
396609
396623
396631
396641
396650
396666
396668
396670
396672
396690
396703
396719
396723
396730
396742
396750
396751
396760
396771
396777
396822
396831
396855
396859
396874
396883
396893
396906
396930
396933
396971
396972
396973
396981
397001
397011
397015
397033
397040
397046
397086
397104
397144
397145
397172
397176
397206
397209
397211
397250
397255
397263
397270
397297
397348
397361
397367
397371
397407
397436
397438
397462
397464
397477
397480
397484
397488
397492
397518
397527
397563
397587
397596
397610
397646
397647
397652
397677
397699
397705
397717
397739
397740
397741
397745
397778
397811
397832
397834
397849
397852
397854
397871
397876
397885
397891
397912
397916
397943
397949
397984
397985
398012
398025
398030
398041
398042
398045
398073
398084
398091
398126
398127
398134
398148
398149
398159
398163
398183
398188
398202
398217
398231
398241
398245
398254
398262
398267
398277
398307
398310
398317
398333
398355
398366
398380
398397
398398
398427
398442
398443
398456
398462
398485
398512
398527
398531
398541
398552
398553
398566
398567
398590
398616
398622
398647
398656
398659
398661
398722
398725
398740
398750
398754
398772
398786
398792
398807
398813
398823
398836
398846
398852
398865
398866
398883
398887
398890
398893
398895
398910
398925
398928
398944
398953
398956
398957
398974
399013
399018
399036
399068
399075
399085
399118
399142
399148
399166
399198
399209
399233
399236
399252
399260
399269
399290
399297
399301
399320
399321
399328
399334
399348
399361
399390
399406
399407
399425
399431
399453
399466
399489
399490
399510
399514
399515
399518
399535
399538
399539
399542
399551
399585
399606
399623
399660
399686
399695
399705
399719
399726
399727
399737
399752
399762
399784
399814
399831
399852
399860
399864
399891
399895
399912
399925
399928
399947
399966
399971
399978
399985
