900009
900040
900051
900054
900077
900078
900085
900102
900124
900125
900136
900172
900180
900201
900224
900230
900237
900309
900317
900341
900371
900375
900395
900407
900444
900451
900459
900494
900541
900545
900591
900614
900618
900621
900657
900666
900696
900699
900704
900708
900723
900727
900762
900769
900777
900781
900784
900787
900797
900836
900837
900842
900877
900891
900923
900950
900983
900987
900991
901020
901040
901044
901066
901090
901104
901108
901110
901133
901143
901163
901179
901193
901200
901247
901262
901275
901283
901290
901308
901325
901330
901334
901350
901356
901372
901377
901387
901394
901413
901431
901437
901438
901458
901463
901470
901484
901490
901491
901508
901510
901533
901542
901559
901577
901581
901592
901598
901601
901604
901615
901621
901626
901635
901650
901659
901660
901664
901667
901674
901689
901718
901740
901743
901802
901821
901842
901854
901873
901883
901899
901900
901911
901954
901955
901958
901960
901973
901988
901993
902012
902031
902060
902065
902077
902085
902086
902091
902108
902112
902145
902147
902154
902192
902193
902208
902220
902227
902252
902264
902270
902300
902373
902397
902399
902400
902436
902447
902467
902468
902505
902506
902510
902518
902526
902552
902569
902574
902587
902627
902628
902652
902654
902658
902673
902696
902700
902704
902705
902710
902713
902717
902735
902746
902749
902815
902835
902838
902897
902907
902920
902960
902970
902971
902977
902999
903031
903055
903071
903087
903100
903101
903104
903107
903131
903136
903137
903160
903183
903185
903206
903216
903218
903222
903235
903256
903261
903268
903279
903281
903294
903302
903331
903335
903410
903422
903423
903432
903461
903470
903475
903493
903508
903513
903518
903528
903538
903563
903595
903626
903629
903631
903633
903637
903640
903653
903655
903672
903695
903724
903755
903771
903774
903785
903823
903861
903866
903881
903891
903897
903903
903905
903930
903951
903953
903960
903975
903977
904007
904013
904051
904060
904065
904067
904074
904079
904087
904105
904116
904122
904139
904145
904151
904154
904159
904178
904221
904222
904234
904244
904252
904282
904283
904305
904307
904309
904311
904376
904392
904422
904454
904458
904466
904471
904476
904541
904552
904557
904584
904622
904630
904633
904644
904662
904668
904673
904679
904682
904684
904692
904715
904732
904734
904738
904740
904750
904763
904781
904789
904807
904810
904811
904832
904841
904866
904907
904927
904953
904960
904989
904993
904999
905021
905026
905028
905029
905079
905140
905173
905215
905252
905258
905265
905308
905361
905366
905399
905411
905449
905476
905486
905516
905562
905571
905582
905592
905597
905607
905659
905701
905710
905717
905742
905749
905767
905773
905778
905779
905784
905803
905829
905835
905842
905856
905881
905888
905900
905904
905939
905991
905996
906035
906043
906053
906056
906058
906062
906092
906098
906100
906109
906118
906159
906176
906214
906238
906241
906261
906284
906289
906337
906347
906364
906380
906392
906404
906409
906411
906413
906418
906419
906424
906462
906477
906498
906516
906518
906552
906553
906577
906600
906616
906623
906683
906726
906729
906741
906745
906758
906769
906770
906823
906855
906859
906893
906903
906916
906925
906948
906953
906958
906959
906989
906996
906999
907012
907019
907025
907027
907030
907037
907070
907080
907093
907094
907132
907134
907135
907199
907207
907209
907212
907236
907239
907240
907272
907283
907295
907301
907316
907328
907333
907352
907365
907384
907442
907472
907498
907499
907505
907585
907590
907606
907655
907681
907692
907697
907701
907704
907744
907746
907749
907752
907774
907802
907812
907813
907818
907842
907846
907849
907873
907890
907901
907911
907914
907919
907940
907972
908000
908027
908039
908089
908095
908109
908113
908130
908141
908173
908183
908202
908209
908215
908216
908225
908227
908252
908254
908264
908269
908275
908278
908284
908296
908308
908310
908323
908330
908374
908382
908399
908402
908403
908405
908425
908434
908459
908460
908478
908481
908482
908499
908525
908529
908549
908591
908595
908612
908637
908638
908679
908694
908696
908700
908726
908739
908753
908779
908790
908825
908829
908832
908855
908880
908886
908891
908892
908925
908928
908936
908947
908959
909014
909018
909064
909097
909114
909120
909136
909146
909162
909166
909170
909171
909178
909216
909225
909233
909235
909271
909281
909288
909299
909324
909350
909361
909365
909401
909406
909408
909416
909438
909445
909455
909461
909483
909487
909489
909534
909548
909553
909585
909618
909619
909624
909637
909652
909665
909681
909709
909775
909800
909833
909858
909941
909977
910033
910067
910076
910092
910118
910158
910163
910189
910228
910238
910262
910267
910284
910288
910290
910314
910340
910341
910365
910381
910404
910417
910443
910451
910453
910474
910485
910494
910505
910508
910509
910536
910544
910556
910560
910562
910568
910583
910590
910622
910639
910645
910664
910681
910704
910711
910720
910729
910737
910743
910751
910754
910786
910792
910817
910820
910825
910829
910839
910842
910846
910855
910861
910863
910893
910933
910943
910945
910954
910965
910967
910976
911000
911009
911052
911056
911061
911066
911069
911071
911082
911084
911086
911091
911092
911110
911129
911142
911146
911158
911179
911183
911193
911196
911234
911238
911254
911280
911319
911365
911383
911404
911407
911410
911430
911437
911469
911498
911501
911507
911527
911537
911542
911567
911571
911588
911602
911616
911617
911619
911637
911644
911645
911664
911668
911681
911702
911719
911724
911781
911824
911825
911847
911850
911939
911958
911962
912004
912006
912008
912022
912041
912047
912058
912105
912144
912169
912199
912200
912211
912213
912214
912218
912235
912242
912259
912267
912293
912308
912312
912315
912341
912342
912351
912368
912377
912390
912393
912411
912416
912421
912441
912449
912461
912471
912476
912485
912505
912506
912513
912540
912550
912586
912606
912629
912637
912651
912682
912722
912728
912818
912820
912825
912843
912844
912856
912859
912860
912861
912885
912888
912891
912902
912905
912906
912941
912948
912970
912983
912988
913016
913021
913032
913049
913055
913058
913070
913076
913083
913098
913104
913114
913117
913124
913126
913136
913152
913166
913178
913187
913188
913197
913226
913238
913281
913322
913327
913354
913357
913371
913430
913433
913441
913444
913478
913480
913493
913494
913540
913541
913543
913568
913570
913623
913628
913640
913657
913681
913690
913706
913722
913723
913728
913743
913752
913790
913806
913816
913826
913829
913833
913851
913852
913864
913913
913922
913928
913929
913945
913949
913955
913962
913998
914003
914008
914030
914031
914036
914040
914044
914047
914069
914084
914089
914090
914114
914153
914162
914180
914228
914244
914251
914277
914290
914302
914337
914345
914352
914360
914369
914386
914389
914397
914402
914429
914433
914441
914457
914469
914493
914504
914508
914513
914515
914531
914548
914550
914553
914560
914581
914589
914601
914637
914642
914651
914652
914672
914733
914737
914750
914751
914759
914773
914775
914779
914788
914794
914805
914806
914810
914826
914843
914873
914932
914946
914964
914987
914988
915000
915007
915019
915034
915046
915047
915069
915104
915119
915121
915135
915145
915179
915190
915209
915231
915288
915313
915322
915334
915335
915345
915358
915421
915432
915438
915443
915447
915459
915476
915482
915495
915513
915516
915518
915521
915523
915551
915555
915557
915568
915617
915618
915619
915633
915639
915648
915653
915661
915680
915693
915706
915718
915729
915736
915738
915765
915767
915768
915778
915809
915826
915829
915859
915867
915888
915897
915916
915958
915967
915978
916020
916029
916044
916049
916062
916068
916099
916109
916116
916131
916139
916151
916155
916168
916169
916190
916192
916199
916219
916223
916247
916269
916271
916272
916274
916283
916285
916297
916323
916344
916357
916383
916390
916394
916422
916424
916455
916470
916473
916475
916489
916490
916497
916498
916515
916520
916556
916576
916588
916607
916616
916664
916672
916691
916707
916755
916756
916757
916769
916783
916805
916818
916830
916834
916844
916854
916861
916871
916908
916924
916925
916928
916931
916945
916958
916961
916966
916977
916978
916979
916980
917021
917027
917057
917062
917096
917098
917099
917107
917113
917118
917145
917151
917163
917168
917207
917231
917256
917289
917290
917295
917330
917369
917380
917385
917398
917400
917407
917421
917444
917445
917452
917455
917460
917496
917500
917544
917570
917582
917585
917586
917588
917625
917632
917648
917671
917679
917692
917721
917731
917741
917748
917775
917776
917778
917782
917790
917802
917804
917819
917824
917827
917839
917851
917879
917899
917907
917913
917914
917920
917942
917952
917958
917973
917993
918042
918067
918094
918098
918099
918132
918167
918183
918197
918201
918202
918212
918243
918251
918262
918282
918288
918306
918308
918334
918343
918385
918388
918393
918403
918448
918461
918481
918504
918517
918519
918526
918531
918533
918537
918542
918544
918556
918573
918575
918588
918602
918608
918616
918621
918622
918641
918704
918718
918730
918744
918764
918777
918782
918797
918842
918851
918864
918868
918872
918882
918897
918906
918922
918931
918940
918942
918947
918962
918971
918981
919056
919065
919068
919096
919106
919118
919133
919146
919174
919175
919187
919193
919229
919232
919260
919276
919279
919284
919292
919313
919317
919319
919347
919371
919374
919376
919378
919385
919395
919405
919408
919422
919434
919450
919454
919468
919491
919505
919515
919521
919524
919532
919535
919536
919544
919545
919550
919577
919612
919623
919632
919633
919639
919669
919672
919678
919705
919707
919708
919780
919812
919816
919823
919842
919848
919859
919861
919867
919878
919881
919882
919895
919914
919934
919996
920016
920035
920047
920061
920062
920111
920138
920141
920145
920155
920166
920180
920199
920217
920228
920247
920260
920279
920293
920305
920319
920358
920453
920487
920506
920537
920541
920545
920558
920564
920584
920588
920597
920610
920626
920628
920637
920647
920667
920682
920706
920715
920717
920723
920774
920791
920801
920803
920815
920819
920829
920849
920851
920860
920886
920904
920918
920933
920937
920942
920951
921013
921015
921019
921035
921036
921048
921071
921105
921121
921140
921163
921166
921168
921209
921217
921223
921229
921230
921232
921240
921241
921253
921256
921272
921286
921303
921304
921340
921347
921381
921382
921385
921438
921445
921453
921462
921505
921540
921550
921557
921572
921586
921609
921615
921619
921624
921661
921662
921664
921671
921697
921708
921719
921726
921727
921747
921761
921763
921795
921824
921829
921838
921839
921873
921881
921900
921916
921928
921934
921965
922009
922026
922036
922055
922067
922069
922078
922079
922105
922140
922142
922158
922173
922184
922185
922187
922194
922203
922206
922210
922239
922263
922279
922306
922307
922333
922341
922384
922387
922390
922397
922420
922435
922452
922470
922485
922499
922503
922518
922524
922525
922544
922559
922631
922648
922667
922668
922677
922714
922718
922732
922772
922777
922781
922800
922801
922809
922828
922837
922840
922854
922863
922871
922885
922887
922923
922953
922958
922993
922999
923006
923015
923017
923019
923028
923037
923044
923053
923074
923078
923089
923118
923134
923139
923140
923170
923184
923188
923215
923227
923245
923277
923290
923311
923318
923335
923397
923399
923407
923413
923416
923430
923431
923449
923456
923480
923484
923487
923493
923510
923537
923554
923566
923578
923593
923609
923610
923629
923632
923662
923682
923693
923701
923727
923769
923772
923797
923803
923829
923843
923881
923889
923894
923938
923945
923946
923951
923975
923988
924019
924053
924133
924138
924153
924158
924211
924223
924238
924273
924300
924310
924319
924324
924337
924354
924356
924376
924379
924407
924436
924467
924489
924512
924545
924548
924550
924555
924570
924576
924606
924618
924626
924635
924645
924655
924659
924730
924748
924752
924760
924771
924779
924786
924790
924802
924830
924848
924863
924874
924887
924899
924904
924909
924932
924948
924950
924959
924961
924977
924988
925003
925009
925023
925058
925104
925116
925134
925153
925186
925190
925200
925218
925240
925258
925274
925275
925280
925286
925297
925318
925328
925337
925357
925372
925376
925400
925406
925461
925480
925484
925491
925496
925523
925544
925554
925637
925667
925689
925717
925740
925778
925800
925804
925815
925820
925837
925848
925854
925874
925882
925905
925914
925918
925923
925934
925966
925969
925980
925986
926016
926020
926030
926054
926062
926065
926105
926113
926133
926169
926195
926199
926204
926207
926210
926223
926241
926242
926244
926247
926261
926275
926278
926279
926293
926311
926354
926361
926368
926372
926384
926387
926414
926425
926426
926435
926446
926448
926453
926462
926478
926480
926484
926488
926509
926522
926544
926547
926548
926551
926602
926630
926649
926655
926657
926675
926676
926696
926725
926739
926750
926801
926831
926840
926842
926921
926931
926939
926958
926982
926985
926999
927032
927038
927054
927058
927094
927106
927107
927111
927117
927120
927128
927129
927132
927133
927157
927182
927185
927193
927206
927207
927224
927233
927275
927282
927324
927340
927341
927349
927356
927410
927419
927428
927440
927442
927452
927455
927473
927489
927527
927529
927537
927563
927621
927639
927651
927661
927677
927704
927722
927723
927737
927747
927754
927795
927802
927814
927820
927821
927843
927853
927858
927872
927879
927881
927904
927916
927930
927933
927938
927957
927966
928008
928014
928033
928043
928047
928078
928090
928121
928129
928141
928149
928158
928186
928196
928216
928238
928247
928252
928270
928321
928349
928408
928413
928435
928481
928490
928505
928535
928565
928581
928603
928604
928619
928626
928662
928682
928702
928707
928712
928721
928730
928769
928774
928776
928777
928778
928789
928799
928828
928836
928861
928876
928879
928888
928901
928902
928921
928925
928928
928940
928941
928945
928979
928995
929045
929051
929071
929080
929087
929104
929123
929136
929152
929243
929262
929263
929267
929297
929299
929313
929333
929370
929374
929406
929414
929416
929417
929447
929488
929505
929523
929571
929573
929586
929600
929606
929614
929646
929654
929670
929680
929683
929690
929693
929697
929731
929743
929750
929790
929796
929810
929825
929840
929879
929901
929902
929908
929945
929951
929956
929967
929972
929974
929975
930029
930044
930047
930070
930082
930083
930094
930101
930105
930118
930127
930133
930144
930148
930163
930187
930213
930264
930275
930282
930354
930358
930367
930378
930381
930387
930405
930429
930438
930442
930461
930463
930507
930512
930538
930552
930556
930560
930596
930618
930630
930633
930645
930648
930655
930658
930659
930674
930678
930685
930700
930703
930710
930742
930753
930776
930790
930797
930801
930803
930805
930827
930869
930876
930879
930883
930908
930946
930962
930997
931013
931039
931092
931120
931124
931131
931141
931146
931174
931178
931182
931193
931196
931199
931201
931215
931221
931228
931233
931279
931292
931306
931315
931324
931336
931350
931359
931363
931386
931389
931400
931403
931422
931425
931430
931440
931449
931517
931523
931531
931534
931540
931542
931554
931559
931570
931576
931598
931621
931645
931651
931681
931688
931695
931697
931701
931710
931720
931768
931781
931792
931796
931813
931832
931839
931843
931868
931873
931879
931898
931901
931911
931916
931934
931938
931952
931964
931985
932033
932036
932042
932047
932048
932099
932106
932119
932124
932146
932213
932214
932227
932246
932253
932254
932258
932270
932331
932390
932410
932424
932425
932485
932507
932531
932543
932597
932605
932618
932627
932643
932659
932674
932680
932687
932720
932723
932727
932775
932836
932840
932842
932843
932860
932870
932884
932885
932902
932910
932917
932923
932984
932987
932991
932995
933022
933037
933047
933071
933084
933111
933121
933122
933144
933152
933185
933220
933222
933238
933246
933263
933277
933281
933297
933304
933315
933332
933360
933375
933378
933412
933438
933449
933457
933462
933466
933491
933507
933527
933530
933535
933556
933567
933574
933600
933608
933629
933642
933645
933646
933650
933661
933663
933693
933697
933712
933718
933729
933733
933737
933757
933768
933788
933796
933804
933815
933817
933849
933865
933870
933897
933912
933913
933926
933929
933959
933967
933968
933995
934001
934030
934044
934047
934049
934066
934073
934077
934078
934082
934086
934089
934097
934122
934128
934130
934137
934138
934144
934154
934169
934237
934240
934258
934281
934282
934286
934293
934324
934328
934345
934347
934348
934378
934382
934390
934393
934410
934417
934421
934428
934440
934460
934474
934475
934479
934499
934501
934503
934507
934539
934543
934572
934586
934610
934622
934626
934660
934668
934669
934676
934693
934694
934705
934706
934731
934769
934793
934797
934798
934815
934829
934832
934836
934859
934862
934890
934895
934899
934905
934906
934910
934915
934918
934920
934921
934925
934927
934932
934935
934936
934948
934962
934968
935000
935003
935008
935015
935032
935057
935075
935087
935101
935149
935150
935165
935169
935229
935238
935252
935279
935289
935314
935423
935424
935436
935445
935446
935479
935495
935500
935502
935507
935511
935513
935518
935524
935539
935549
935584
935606
935630
935648
935687
935708
935710
935715
935727
935729
935735
935745
935756
935789
935802
935820
935822
935845
935847
935848
935850
935866
935890
935898
935927
935928
935976
935980
936015
936022
936026
936035
936044
936077
936084
936089
936095
936097
936109
936120
936125
936134
936136
936174
936183
936214
936221
936245
936248
936255
936287
936290
936336
936345
936368
936379
936440
936441
936474
936475
936534
936544
936546
936569
936602
936606
936616
936624
936629
936633
936646
936653
936654
936668
936674
936686
936696
936697
936704
936722
936733
936737
936754
936759
936764
936785
936788
936789
936791
936797
936805
936824
936841
936862
936877
936891
936892
936910
936911
936955
936972
936978
936987
937005
937006
937013
937038
937071
937075
937089
937091
937102
937130
937168
937174
937187
937202
937267
937339
937360
937370
937387
937391
937393
937396
937410
937421
937429
937442
937443
937444
937485
937504
937509
937514
937519
937526
937537
937553
937583
937586
937624
937694
937707
937716
937722
937725
937754
937797
937814
937837
937846
937904
937932
937937
937954
937959
937966
937984
938002
938019
938022
938024
938041
938067
938107
938110
938125
938127
938142
938167
938173
938178
938195
938197
938220
938228
938247
938251
938252
938254
938264
938269
938271
938299
938300
938301
938307
938312
938321
938324
938352
938363
938369
938379
938416
938430
938443
938452
938455
938480
938489
938491
938492
938497
938502
938503
938526
938533
938568
938572
938576
938579
938623
938650
938653
938659
938668
938669
938670
938672
938673
938675
938676
938681
938708
938711
938725
938728
938731
938742
938744
938745
938755
938764
938767
938774
938775
938777
938804
938810
938829
938845
938872
938942
938960
938961
938967
938977
938994
939000
939011
939026
939031
939045
939064
939095
939102
939132
939175
939188
939198
939202
939216
939222
939233
939235
939246
939258
939274
939288
939295
939306
939316
939340
939342
939353
939378
939384
939396
939409
939410
939466
939480
939495
939551
939558
939567
939592
939620
939621
939636
939659
939660
939757
939772
939785
939797
939821
939859
939882
939885
939897
939899
939901
939929
939934
939988
940000
940025
940029
940044
940063
940065
940068
940085
940106
940114
940125
940128
940134
940149
940150
940164
940167
940196
940206
940242
940257
940261
940287
940295
940300
940317
940318
940320
940378
940380
940384
940414
940436
940457
940512
940527
940538
940539
940543
940552
940555
940570
940577
940617
940621
940622
940636
940651
940661
940666
940717
940721
940732
940753
940762
940763
940766
940772
940775
940819
940833
940959
940972
941005
941012
941030
941038
941092
941104
941107
941110
941123
941134
941153
941194
941201
941204
941233
941247
941267
941278
941326
941378
941380
941387
941428
941431
941451
941462
941490
941494
941499
941503
941512
941527
941557
941574
941587
941600
941609
941612
941636
941644
941647
941670
941689
941692
941701
941712
941735
941741
941751
941754
941773
941809
941814
941818
941844
941852
941929
941930
941962
941981
942003
942064
942068
942076
942080
942091
942096
942101
942113
942117
942137
942158
942160
942167
942182
942183
942187
942215
942239
942241
942248
942285
942291
942321
942339
942359
942362
942376
942391
942394
942400
942415
942422
942432
942438
942453
942473
942486
942491
942501
942524
942534
942566
942573
942579
942603
942608
942622
942624
942630
942637
942644
942652
942726
942746
942752
942765
942776
942834
942851
942859
942877
942890
942946
942951
942982
942989
943001
943033
943052
943054
943080
943093
943132
943146
943155
943179
943226
943251
943253
943264
943273
943281
943313
943342
943350
943354
943367
943388
943422
943458
943511
943552
943571
943575
943585
943601
943608
943610
943632
943634
943635
943709
943739
943754
943772
943800
943809
943823
943837
943850
943855
943862
943868
943879
943942
943951
943966
944006
944010
944013
944044
944045
944049
944058
944063
944069
944078
944080
944089
944099
944106
944107
944115
944130
944151
944173
944180
944183
944187
944197
944212
944229
944254
944307
944312
944332
944339
944348
944352
944391
944406
944414
944415
944416
944453
944462
944475
944479
944495
944515
944519
944524
944526
944536
944540
944556
944589
944610
944621
944642
944649
944656
944677
944684
944698
944701
944722
944723
944738
944756
944760
944763
944772
944782
944798
944803
944832
944869
944875
944933
944938
944951
944960
945018
945054
945062
945091
945106
945109
945117
945129
945137
945163
945190
945206
945212
945232
945270
945283
945301
945303
945315
945357
945370
945372
945379
945407
945408
945414
945417
945438
945439
945444
945455
945469
945496
945544
945595
945603
945609
945612
945614
945650
945654
945667
945685
945687
945690
945695
945721
945747
945754
945755
945772
945773
945798
945811
945815
945865
945882
945891
945904
945908
945910
945912
945923
945930
945943
945952
945969
945974
945981
945990
945992
945994
946007
946014
946042
946113
946133
946168
946170
946182
946190
946199
946216
946253
946255
946257
946260
946274
946299
946334
946338
946342
946358
946361
946387
946391
946421
946422
946429
946436
946441
946464
946467
946498
946501
946514
946519
946540
946597
946604
946611
946616
946621
946626
946639
946653
946664
946690
946699
946704
946708
946712
946716
946744
946748
946751
946776
946779
946784
946803
946814
946826
946852
946854
946855
946871
946875
946893
946921
946923
946928
946940
946941
946959
946960
946984
947010
947045
947050
947090
947108
947111
947129
947152
947166
947184
947189
947224
947255
947260
947291
947303
947312
947337
947381
947387
947391
947404
947424
947435
947442
947459
947474
947483
947536
947537
947544
947546
947552
947554
947574
947579
947594
947616
947618
947621
947660
947699
947706
947707
947708
947763
947769
947770
947801
947816
947822
947852
947868
947882
947889
947890
947945
947957
947978
948013
948015
948091
948109
948128
948154
948177
948178
948185
948191
948192
948206
948218
948247
948260
948268
948277
948285
948294
948296
948298
948299
948318
948320
948366
948375
948381
948382
948387
948388
948401
948429
948459
948460
948467
948488
948496
948501
948503
948535
948544
948564
948571
948573
948586
948605
948625
948660
948692
948709
948713
948736
948785
948793
948796
948847
948852
948858
948880
948881
948894
948897
948917
948938
948964
948971
948972
948986
949012
949037
949049
949062
949074
949087
949095
949096
949097
949100
949192
949261
949271
949289
949297
949303
949309
949317
949318
949319
949361
949376
949393
949415
949416
949417
949425
949434
949478
949489
949502
949535
949554
949561
949595
949596
949606
949626
949644
949655
949680
949688
949692
949705
949714
949723
949738
949756
949778
949779
949791
949792
949836
949864
949881
949927
949930
949933
949934
949943
949953
949971
949974
950010
950017
950021
950027
950034
950043
950062
950108
950122
950126
950142
950149
950249
950251
950268
950292
950305
950315
950321
950325
950332
950335
950356
950360
950386
950399
950439
950457
950477
950485
950487
950501
950521
950573
950614
950615
950626
950629
950633
950733
950746
950750
950762
950815
950816
950823
950824
950847
950850
950881
950908
950942
950960
950964
950970
950980
950981
950985
950987
951011
951012
951017
951022
951030
951034
951044
951046
951048
951073
951130
951172
951202
951223
951264
951273
951282
951293
951299
951303
951320
951347
951349
951354
951355
951365
951382
951397
951415
951417
951432
951439
951455
951460
951481
951507
951520
951548
951552
951556
951582
951586
951589
951604
951608
951615
951630
951640
951650
951651
951675
951682
951699
951718
951720
951726
951728
951756
951760
951762
951772
951779
951792
951815
951830
951838
951866
951869
951878
951880
951891
951909
951919
951921
951923
951932
951941
951948
952014
952029
952031
952088
952089
952109
952118
952146
952173
952179
952182
952186
952202
952204
952211
952220
952235
952242
952259
952262
952277
952282
952332
952350
952378
952383
952388
952390
952392
952397
952429
952433
952463
952469
952473
952478
952483
952507
952511
952529
952533
952537
952543
952557
952577
952581
952592
952600
952609
952637
952648
952660
952672
952730
952745
952755
952785
952787
952801
952811
952813
952829
952836
952844
952846
952849
952862
952891
952892
952902
952914
952926
952932
952940
952945
952959
952980
952985
953004
953008
953014
953022
953044
953065
953069
953079
953086
953089
953092
953109
953112
953144
953145
953167
953175
953181
953208
953213
953227
953269
953270
953281
953341
953352
953372
953376
953377
953382
953415
953435
953445
953470
953473
953515
953543
953553
953571
953593
953597
953610
953648
953655
953662
953688
953693
953711
953713
953716
953734
953757
953769
953785
953798
953799
953800
953801
953804
953895
953923
953937
953940
953969
953970
954035
954040
954102
954120
954138
954172
954178
954183
954188
954233
954256
954259
954268
954276
954279
954288
954327
954356
954423
954429
954430
954452
954478
954485
954514
954517
954526
954546
954568
954577
954584
954602
954605
954620
954651
954664
954678
954719
954753
954758
954768
954771
954780
954785
954810
954820
954827
954833
954868
954888
954917
954926
954935
954938
954944
954969
954985
955008
955031
955049
955052
955055
955057
955062
955063
955070
955102
955122
955139
955142
955145
955165
955233
955246
955262
955270
955275
955279
955290
955295
955302
955305
955343
955356
955361
955377
955390
955392
955407
955416
955433
955438
955441
955447
955476
955483
955484
955542
955551
955563
955571
955578
955579
955587
955617
955628
955654
955668
955669
955678
955689
955690
955715
955720
955773
955786
955788
955802
955813
955816
955817
955840
955850
955852
955867
955886
955902
955922
955927
955932
955939
955949
955956
955977
955986
955995
956023
956025
956031
956042
956053
956071
956095
956097
956109
956129
956148
956159
956164
956169
956175
956179
956180
956188
956206
956214
956215
956240
956254
956287
956300
956305
956335
956339
956346
956374
956396
956406
956407
956416
956428
956482
956483
956484
956499
956501
956507
956517
956529
956530
956545
956558
956563
956574
956608
956645
956688
956729
956733
956736
956775
956779
956846
956851
956899
956901
956905
956923
956977
956986
956988
957005
957031
957044
957065
957070
957084
957092
957104
957118
957141
957144
957157
957159
957187
957192
957194
957196
957211
957231
957234
957236
957249
957251
957253
957261
957263
957266
957302
957312
957325
957334
957360
957376
957425
957499
957500
957526
957530
957554
957565
957566
957577
957591
957616
957617
957642
957675
957684
957693
957725
957729
957743
957751
957770
957776
957778
957779
957791
957805
957812
957839
957847
957852
957904
957949
957972
957980
957996
958028
958037
958068
958074
958090
958094
958113
958123
958129
958143
958159
958181
958258
958373
958383
958392
958430
958440
958481
958482
958493
958506
958511
958524
958530
958531
958538
958557
958565
958597
958607
958611
958621
958632
958649
958652
958671
958707
958709
958725
958754
958765
958773
958791
958816
958832
958845
958864
958895
958898
958899
958926
958947
958974
958978
959014
959029
959042
959043
959046
959057
959066
959114
959118
959143
959149
959155
959169
959180
959190
959211
959212
959217
959270
959276
959316
959339
959340
959343
959356
959366
959388
959429
959442
959466
959483
959498
959501
959508
959513
959540
959557
959564
959574
959581
959583
959617
959629
959645
959653
959655
959660
959679
959680
959706
959742
959766
959830
959855
959856
959870
959871
959880
959925
959930
959932
959934
959953
959977
959980
959982
959987
959998
960001
960004
960020
960060
960062
960096
960103
960124
960130
960136
960144
960149
960187
960206
960208
960218
960252
960253
960264
960281
960294
960300
960307
960323
960325
960332
960351
960362
960366
960375
960384
960387
960413
960414
960415
960419
960421
960429
960446
960451
960453
960523
960537
960538
960543
960561
960608
960616
960624
960627
960636
960648
960662
960663
960686
960691
960706
960724
960740
960773
960775
960781
960786
960794
960798
960801
960808
960825
960835
960843
960861
960878
960899
960902
960906
960914
960920
960938
960939
961024
961027
961032
961039
961044
961051
961058
961068
961083
961088
961104
961122
961127
961135
961136
961151
961157
961170
961177
961178
961179
961195
961206
961235
961262
961267
961273
961298
961307
961321
961331
961343
961371
961376
961387
961403
961413
961425
961426
961427
961437
961442
961452
961473
961503
961513
961517
961544
961552
961572
961577
961584
961598
961602
961610
961628
961639
961659
961669
961674
961682
961717
961736
961738
961762
961769
961782
961784
961830
961868
961879
961897
961912
961947
962017
962021
962027
962040
962051
962064
962069
962083
962084
962107
962118
962146
962163
962167
962183
962185
962189
962211
962233
962263
962270
962292
962329
962333
962339
962348
962353
962357
962360
962361
962369
962377
962389
962399
962409
962412
962419
962428
962447
962448
962458
962482
962493
962499
962503
962523
962543
962588
962628
962678
962679
962682
962702
962727
962739
962745
962747
962748
962768
962783
962805
962838
962889
962897
962913
962921
962923
962928
962969
962980
962985
962986
963038
963039
963041
963069
963084
963088
963104
963109
963142
963149
963174
963185
963188
963208
963210
963211
963223
963246
963258
963264
963270
963277
963292
963328
963342
963363
963385
963435
963443
963459
963463
963494
963500
963509
963521
963558
963603
963610
963627
963628
963649
963657
963660
963661
963673
963692
963696
963704
963729
963742
963779
963785
963786
963789
963803
963806
963813
963821
963839
963888
963892
963926
963930
963974
963990
963999
964006
964007
964011
964027
964048
964052
964056
964064
964071
964091
964116
964118
964119
964127
964129
964145
964149
964184
964198
964219
964221
964224
964239
964248
964249
964259
964278
964315
964319
964320
964331
964338
964386
964388
964392
964412
964423
964429
964484
964489
964494
964499
964505
964524
964529
964538
964567
964569
964577
964581
964590
964610
964613
964656
964689
964690
964707
964754
964761
964778
964779
964826
964830
964832
964839
964873
964899
964921
964929
964941
964964
964991
965022
965040
965049
965062
965081
965108
965113
965119
965120
965127
965150
965155
965166
965202
965211
965222
965234
965237
965270
965280
965317
965322
965338
965343
965345
965356
965359
965377
965397
965449
965451
965456
965462
965487
965495
965520
965539
965573
965574
965603
965609
965645
965652
965669
965730
965740
965755
965761
965804
965817
965818
965822
965848
965862
965882
965924
965935
965938
965944
965948
965970
965990
965993
965995
966001
966002
966009
966012
966027
966036
966047
966056
966064
966091
966100
966108
966123
966126
966141
966149
966161
966171
966196
966201
966217
966243
966258
966278
966287
966351
966360
966379
966385
966405
966420
966421
966423
966429
966451
966456
966481
966483
966500
966505
966510
966511
966521
966524
966536
966547
966557
966558
966564
966576
966594
966602
966604
966618
966621
966628
966631
966634
966658
966662
966700
966729
966730
966748
966756
966759
966761
966772
966775
966781
966788
966790
966810
966817
966833
966881
966887
966902
966923
966924
966950
966964
966973
966978
966989
967019
967028
967040
967058
967062
967095
967125
967148
967153
967162
967193
967197
967202
967207
967213
967227
967230
967247
967249
967267
967280
967288
967293
967300
967306
967309
967326
967330
967335
967342
967402
967428
967440
967442
967448
967452
967461
967466
967467
967481
967491
967498
967522
967582
967592
967593
967633
967637
967653
967663
967668
967689
967705
967720
967746
967747
967767
967797
967803
967823
967838
967882
967884
967966
967972
967985
968012
968055
968078
968095
968114
968135
968137
968161
968182
968186
968187
968210
968214
968222
968229
968263
968274
968278
968289
968297
968306
968321
968328
968336
968367
968387
968396
968398
968400
968401
968412
968422
968441
968471
968503
968512
968520
968521
968525
968527
968528
968553
968564
968571
968576
968579
968586
968621
968628
968630
968633
968640
968646
968648
968651
968652
968656
968699
968702
968718
968721
968730
968758
968771
968783
968789
968793
968822
968844
968845
968853
968854
968873
968885
968893
968962
968967
968970
968975
968980
968988
969004
969010
969019
969047
969054
969066
969070
969071
969112
969129
969139
969149
969162
969179
969230
969232
969238
969245
969249
969251
969262
969297
969315
969329
969338
969347
969358
969366
969376
969385
969390
969418
969451
969455
969480
969528
969530
969580
969614
969616
969630
969631
969634
969645
969682
969697
969703
969720
969724
969744
969747
969748
969764
969769
969770
969800
969828
969831
969856
969868
969876
969892
969908
969931
969938
969947
969977
969981
969991
969992
970004
970014
970034
970046
970050
970055
970075
970092
970110
970116
970126
970203
970215
970216
970225
970242
970244
970247
970256
970268
970277
970291
970294
970305
970306
970317
970327
970328
970354
970365
970374
970381
970389
970390
970398
970416
970423
970438
970448
970474
970507
970529
970533
970545
970550
970584
970625
970633
970642
970686
970688
970723
970725
970737
970782
970798
970825
970837
970839
970879
970883
970888
970901
970926
970929
970930
970968
970981
970997
971074
971089
971092
971093
971096
971107
971114
971128
971144
971146
971161
971170
971181
971187
971255
971275
971283
971286
971300
971303
971307
971308
971340
971346
971371
971378
971392
971402
971442
971461
971465
971480
971508
971544
971569
971571
971598
971603
971622
971625
971634
971672
971675
971705
971714
971732
971738
971744
971746
971749
971757
971762
971783
971791
971793
971852
971854
971859
971865
971919
971926
971969
971971
971991
971995
971996
972012
972014
972053
972077
972086
972100
972109
972120
972132
972140
972148
972191
972195
972257
972267
972290
972293
972301
972308
972309
972323
972358
972381
972383
972470
972472
972473
972504
972510
972550
972556
972560
972569
972584
972616
972618
972634
972656
972658
972670
972725
972727
972736
972744
972746
972769
972793
972815
972824
972826
972839
972877
972925
972926
972974
972981
973036
973046
973054
973066
973102
973104
973127
973168
973207
973244
973252
973265
973266
973312
973325
973334
973362
973368
973380
973389
973401
973412
973459
973460
973504
973543
973562
973565
973602
973618
973654
973675
973680
973694
973707
973772
973781
973787
973804
973817
973819
973835
973841
973875
973889
973931
973939
973952
973954
973958
973998
973999
974009
974010
974023
974049
974050
974058
974059
974064
974069
974070
974076
974077
974102
974120
974122
974146
974156
974163
974164
974182
974184
974209
974217
974238
974250
974263
974279
974283
974286
974290
974313
974326
974342
974348
974365
974374
974390
974400
974427
974438
974446
974458
974476
974517
974522
974599
974606
974610
974619
974623
974638
974674
974685
974702
974740
974741
974745
974746
974749
974750
974767
974779
974787
974800
974801
974831
974883
974902
974918
974945
974958
974974
974982
974995
975001
975003
975036
975039
975050
975055
975062
975075
975080
975127
975169
975191
975203
975207
975209
975214
975262
975292
975297
975314
975352
975379
975392
975441
975444
975455
975466
975467
975479
975491
975524
975529
975552
975555
975559
975575
975586
975589
975593
975595
975597
975615
975621
975645
975654
975666
975686
975688
975689
975692
975729
975757
975765
975771
975784
975797
975815
975828
975835
975836
975894
975895
975898
975919
975937
975953
975974
976023
976058
976059
976085
976108
976118
976125
976160
976164
976185
976188
976191
976206
976231
976251
976255
976257
976279
976287
976305
976358
976426
976441
976458
976464
976480
976502
976518
976527
976534
976541
976551
976565
976566
976571
976602
976607
976620
976623
976632
976634
976637
976669
976672
976703
976707
976713
976725
976758
976759
976763
976767
976769
976793
976794
976809
976822
976829
976847
976855
976858
976866
976884
976885
976898
976902
976917
976951
976957
976983
976994
977000
977011
977030
977034
977054
977084
977126
977151
977158
977178
977181
977195
977221
977234
977267
977313
977331
977348
977430
977431
977444
977470
977484
977486
977487
977491
977496
977500
977523
977545
977553
977558
977559
977579
977580
977583
977623
977632
977644
977655
977663
977664
977675
977750
977774
977791
977815
977822
977840
977847
977862
977876
977885
977911
977919
977935
977959
977967
978004
978012
978047
978049
978063
978095
978120
978122
978139
978161
978188
978213
978221
978233
978235
978243
978248
978249
978250
978251
978258
978269
978293
978339
978344
978361
978367
978375
978385
978388
978451
978470
978476
978481
978512
978513
978516
978528
978538
978571
978608
978644
978648
978661
978673
978742
978749
978759
978776
978782
978808
978877
978924
978935
978937
978947
978949
978969
978974
979012
979068
979100
979102
979105
979114
979169
979175
979208
979219
979231
979234
979242
979243
979251
979267
979272
979275
979281
979291
979293
979310
979331
979374
979381
979387
979389
979436
979489
979513
979516
979518
979534
979537
979549
979555
979591
979644
979649
979669
979696
979726
979730
979732
979739
979755
979782
979790
979794
979806
979836
979877
979903
979905
979949
979972
979994
980005
980008
980014
980016
980020
980042
980049
980051
980057
980070
980076
980078
980094
980115
980136
980165
980186
980218
980222
980257
980317
980336
980340
980348
980375
980383
980426
980429
980467
980469
980482
980490
980501
980502
980508
980549
980554
980563
980564
980610
980612
980631
980646
980680
980730
980739
980754
980760
980761
980782
980808
980839
980848
980850
980868
980882
980967
980977
980985
981009
981012
981059
981068
981072
981080
981088
981122
981203
981243
981245
981248
981269
981270
981271
981277
981285
981340
981351
981362
981369
981391
981398
981401
981417
981419
981489
981494
981540
981563
981578
981579
981591
981605
981617
981621
981626
981641
981646
981677
981685
981712
981725
981736
981743
981766
981797
981806
981807
981808
981822
981862
981876
981880
981901
981904
981930
981931
981956
981972
982013
982018
982076
982105
982129
982132
982143
982151
982157
982174
982176
982198
982200
982201
982211
982220
982235
982271
982287
982291
982293
982313
982315
982323
982346
982353
982359
982389
982393
982401
982411
982432
982448
982466
982467
982477
982481
982524
982543
982568
982602
982607
982609
982610
982620
982626
982716
982719
982754
982779
982789
982800
982808
982832
982838
982855
982860
982893
982912
982953
982985
983000
983012
983016
983043
983057
983059
983081
983115
983122
983124
983142
983144
983150
983172
983178
983192
983202
983222
983223
983225
983261
983275
983299
983314
983316
983348
983356
983374
983383
983418
983445
983449
983477
983538
983544
983545
983562
983574
983580
983587
983592
983604
983625
983651
983691
983709
983712
983739
983747
983759
983765
983766
983771
983772
983881
983884
983886
983890
983939
983941
983965
984010
984032
984040
984057
984060
984066
984087
984095
984099
984113
984121
984149
984153
984154
984155
984158
984164
984176
984178
984187
984193
984200
984205
984214
984251
984259
984272
984291
984292
984298
984333
984335
984337
984342
984358
984362
984380
984388
984407
984428
984446
984453
984472
984486
984514
984517
984547
984566
984567
984577
984587
984590
984604
984610
984619
984624
984626
984637
984659
984669
984670
984673
984675
984695
984702
984714
984724
984726
984730
984754
984767
984769
984807
984819
984833
984837
984851
984858
984874
984906
984921
984964
984969
984986
985016
985044
985052
985054
985061
985077
985093
985100
985124
985127
985151
985152
985158
985170
985171
985200
985217
985234
985258
985295
985300
985309
985328
985338
985343
985344
985351
985367
985371
985392
985395
985405
985424
985455
985463
985465
985500
985510
985537
985545
985551
985552
985553
985562
985565
985572
985580
985596
985603
985615
985641
985667
985677
985687
985694
985703
985705
985721
985738
985744
985757
985775
985780
985789
985791
985794
985797
985814
985818
985822
985831
985846
985849
985850
985862
985867
985874
985879
985891
985902
985926
985942
985972
985974
985976
985987
986000
986033
986037
986038
986060
986069
986083
986085
986089
986104
986109
986110
986125
986132
986139
986142
986168
986178
986179
986184
986198
986216
986223
986238
986243
986262
986282
986291
986295
986330
986354
986369
986380
986395
986400
986417
986418
986422
986432
986447
986450
986515
986521
986537
986553
986591
986599
986619
986624
986627
986634
986640
986651
986659
986671
986672
986692
986696
986708
986718
986737
986739
986753
986782
986783
986840
986841
986842
986844
986845
986853
986854
986860
986868
986871
986876
986898
986914
986917
986928
986948
987033
987069
987074
987091
987107
987124
987128
987154
987159
987162
987175
987179
987185
987192
987193
987215
987220
987221
987232
987243
987246
987261
987277
987300
987315
987320
987322
987344
987353
987355
987394
987421
987429
987454
987456
987469
987482
987489
987521
987526
987537
987541
987571
987572
987628
987633
987637
987656
987666
987673
987684
987691
987695
987710
987715
987735
987762
987789
987793
987797
987804
987818
987820
987824
987826
987885
987915
987924
987932
987942
987987
988001
988039
988057
988078
988095
988099
988100
988103
988108
988117
988125
988136
988148
988176
988185
988199
988210
988248
988260
988316
988319
988321
988328
988333
988339
988388
988396
988403
988411
988425
988436
988438
988440
988450
988489
988490
988491
988497
988509
988517
988521
988529
988540
988551
988552
988566
988605
988637
988647
988663
988676
988735
988740
988782
988794
988803
988819
988827
988839
988844
988894
988906
988923
988925
988993
989001
989011
989036
989050
989058
989082
989090
989098
989129
989136
989174
989186
989188
989197
989215
989223
989227
989234
989239
989243
989251
989258
989272
989276
989287
989288
989311
989357
989380
989400
989404
989415
989419
989429
989434
989449
989456
989460
989464
989465
989475
989477
989489
989495
989505
989508
989523
989526
989531
989533
989537
989557
989574
989579
989593
989594
989608
989614
989639
989643
989656
989662
989671
989710
989731
989732
989741
989763
989765
989777
989782
989785
989809
989824
989825
989846
989849
989873
989898
989899
989900
989934
989935
989942
989943
989955
989957
989960
989970
989987
989991
989996
989997
990006
990011
990027
990044
990046
990063
990084
990088
990089
990131
990137
990167
990194
990227
990230
990234
990241
990253
990257
990263
990288
990289
990294
990305
990339
990341
990360
990364
990393
990400
990414
990430
990438
990443
990496
990522
990531
990540
990556
990567
990571
990582
990599
990615
990666
990672
990677
990687
990697
990698
990700
990710
990728
990737
990743
990754
990763
990774
990785
990809
990838
990842
990847
990861
990864
990865
990888
990893
990896
990939
990940
990962
990972
991003
991011
991014
991019
991036
991065
991067
991080
991088
991089
991103
991150
991159
991162
991171
991175
991223
991227
991256
991298
991364
991381
991401
991423
991426
991431
991484
991505
991519
991542
991547
991603
991623
991665
991706
991718
991755
991768
991797
991817
991818
991822
991834
991839
991848
991852
991888
991929
991984
992005
992009
992040
992046
992069
992093
992108
992139
992144
992173
992185
992191
992195
992221
992249
992260
992271
992275
992294
992296
992308
992312
992332
992339
992352
992378
992382
992389
992402
992408
992426
992427
992434
992475
992478
992521
992546
992604
992617
992623
992642
992646
992649
992656
992658
992663
992671
992676
992687
992692
992741
992748
992762
992770
992771
992777
992785
992790
992791
992799
992809
992828
992850
992851
992856
992864
992867
992877
992921
992932
992956
992978
992985
992986
993037
993040
993047
993054
993056
993061
993094
993111
993124
993144
993147
993151
993183
993279
993282
993285
993323
993334
993338
993366
993371
993380
993399
993420
993428
993434
993470
993484
993523
993535
993546
993556
993577
993599
993615
993646
993681
993700
993738
993739
993758
993830
993840
993859
993869
993870
993872
993896
993900
993915
993920
993922
993930
993959
993980
993982
993988
994018
994031
994064
994096
994114
994145
994152
994186
994191
994195
994219
994243
994287
994288
994298
994313
994314
994324
994333
994347
994357
994361
994367
994401
994402
994409
994438
994454
994474
994476
994480
994503
994517
994549
994553
994560
994573
994602
994630
994632
994644
994717
994768
994834
994835
994838
994845
994860
994886
994890
994904
994909
994910
994929
994935
994967
994989
994990
994997
995012
995053
995054
995056
995061
995091
995128
995131
995137
995138
995152
995153
995170
995185
995227
995229
995241
995256
995275
995280
995286
995300
995308
995364
995365
995367
995379
995382
995416
995419
995423
995429
995503
995507
995529
995542
995559
995581
995605
995616
995625
995634
995636
995638
995658
995659
995702
995771
995783
995793
995815
995858
995867
995869
995891
995924
995946
995975
995978
995993
996026
996030
996040
996043
996047
996064
996085
996116
996128
996138
996164
996186
996192
996195
996227
996234
996288
996295
996299
996302
996329
996350
996359
996363
996385
996396
996431
996443
996452
996480
996508
996510
996535
996537
996542
996552
996566
996585
996595
996598
996602
996625
996629
996646
996661
996665
996666
996699
996701
996705
996707
996727
996783
996806
996813
996814
996830
996835
996836
996844
996846
996854
996869
996907
996919
996922
996944
996945
996957
997008
997040
997069
997072
997090
997093
997120
997132
997133
997140
997149
997152
997153
997170
997185
997199
997240
997244
997260
997265
997291
997296
997298
997314
997316
997319
997342
997348
997362
997372
997390
997404
997405
997424
997456
997459
997487
997503
997559
997582
997586
997596
997627
997634
997646
997652
997664
997668
997669
997691
997713
997717
997725
997726
997749
997788
997804
997823
997826
997827
997840
997842
997863
997871
997882
997889
997899
997901
997911
997935
997966
997970
997989
998009
998011
998038
998039
998044
998059
998062
998077
998097
998126
998133
998158
998178
998202
998205
998215
998220
998221
998245
998252
998288
998296
998313
998334
998339
998343
998352
998355
998356
998362
998370
998378
998406
998410
998418
998437
998463
998471
998489
998492
998501
998503
998507
998517
998525
998542
998552
998570
998575
998579
998599
998612
998628
998629
998645
998649
998659
998661
998662
998669
998723
998735
998751
998784
998789
998814
998816
998823
998874
998907
998911
998915
998927
998931
998947
999002
999003
999031
999035
999045
999093
999100
999108
999120
999128
999137
999179
999199
999263
999264
999274
999289
999293
999307
999308
999353
999354
999393
999398
999415
999418
999423
999435
999475
999502
999508
999530
999540
999569
999604
999622
999655
999680
999685
999687
999689
999731
999753
999777
999781
999786
999795
999873
999875
999890
999893
999900
999936
999948
999950
999958
999964
999967
