600006
600007
600014
600021
600056
600059
600073
600075
600111
600134
600137
600160
600199
600220
600232
600256
600262
600288
600297
600301
600314
600319
600323
600329
600330
600339
600342
600349
600355
600360
600368
600394
600401
600428
600435
600446
600456
600477
600485
600499
600502
600510
600513
600521
600524
600543
600550
600569
600574
600583
600612
600616
600621
600659
600689
600702
600752
600765
600802
600840
600847
600855
600872
600916
600935
600936
600961
600969
600973
600974
601016
601080
601098
601101
601112
601125
601143
601149
601153
601159
601161
601162
601174
601187
601243
601246
601260
601271
601326
601339
601347
601360
601390
601423
601449
601462
601474
601481
601518
601526
601541
601569
601570
601584
601589
601592
601606
601610
601616
601618
601628
601629
601638
601666
601667
601668
601678
601690
601700
601718
601739
601761
601770
601808
601815
601827
601863
601869
601901
601906
601907
601912
601930
601932
601935
601956
601989
602039
602044
602062
602075
602085
602093
602105
602130
602150
602153
602199
602213
602214
602244
602258
602261
602278
602279
602368
602379
602403
602407
602433
602441
602443
602445
602446
602471
602474
602481
602504
602533
602538
602557
602586
602617
602622
602637
602668
602684
602687
602701
602724
602737
602743
602752
602766
602778
602781
602797
602801
602803
602805
602808
602817
602831
602868
602908
602910
602911
602912
602935
602936
602943
602946
602955
602957
602959
602966
602991
603008
603022
603031
603032
603077
603105
603146
603149
603157
603159
603165
603170
603187
603206
603217
603218
603234
603245
603255
603265
603279
603283
603313
603318
603354
603362
603385
603391
603402
603416
603467
603474
603492
603498
603523
603524
603547
603548
603573
603576
603607
603617
603622
603633
603648
603679
603713
603729
603736
603740
603767
603769
603776
603778
603793
603800
603822
603833
603836
603865
603898
603924
603941
603947
603974
603981
603992
603998
604008
604036
604039
604059
604071
604080
604085
604091
604102
604113
604139
604151
604160
604165
604180
604191
604205
604215
604230
604240
604245
604266
604269
604272
604298
604306
604324
604325
604330
604347
604373
604375
604377
604378
604385
604387
604405
604448
604474
604478
604491
604492
604496
604501
604516
604525
604560
604587
604595
604597
604607
604624
604646
604647
604648
604683
604692
604712
604729
604740
604767
604771
604787
604789
604828
604838
604848
604859
604860
604865
604885
604900
604902
604904
604918
604920
604925
604956
604959
604969
604999
605022
605035
605051
605079
605090
605125
605134
605135
605167
605183
605184
605218
605233
605235
605248
605271
605310
605314
605318
605348
605349
605355
605363
605396
605401
605415
605426
605486
605506
605507
605527
605533
605546
605549
605550
605564
605565
605605
605623
605636
605674
605692
605704
605712
605719
605724
605752
605826
605830
605840
605854
605880
605886
605907
605910
605913
605915
605918
605928
605945
605950
605959
605960
605961
605967
605992
606017
606047
606049
606078
606086
606098
606099
606103
606115
606117
606155
606164
606165
606171
606205
606229
606265
606289
606291
606306
606310
606325
606343
606364
606421
606427
606435
606443
606455
606470
606479
606496
606503
606507
606555
606565
606573
606577
606581
606584
606587
606610
606633
606665
606716
606722
606743
606791
606802
606829
606833
606837
606841
606847
606853
606862
606874
606887
606890
606896
606904
606915
606970
607025
607026
607037
607039
607052
607054
607070
607085
607134
607152
607156
607163
607166
607170
607188
607200
607213
607249
607274
607285
607293
607300
607311
607314
607318
607321
607324
607326
607328
607353
607374
607398
607416
607420
607435
607436
607451
607488
607497
607500
607511
607530
607545
607549
607558
607601
607631
607636
607641
607651
607656
607692
607694
607710
607712
607731
607734
607735
607738
607752
607777
607780
607785
607797
607828
607836
607846
607848
607872
607880
607897
607900
607924
607931
607951
607952
607959
607972
607979
607991
608021
608027
608046
608076
608086
608100
608113
608128
608157
608161
608168
608180
608190
608194
608219
608223
608251
608265
608278
608281
608293
608294
608297
608301
608304
608316
608325
608339
608341
608350
608361
608376
608394
608401
608418
608475
608476
608483
608528
608543
608548
608556
608580
608613
608627
608654
608694
608722
608723
608725
608759
608779
608794
608812
608832
608841
608843
608903
608938
608943
608949
608958
608961
608970
608981
608982
609005
609012
609020
609021
609022
609042
609043
609079
609108
609120
609123
609127
609131
609144
609146
609153
609183
609194
609196
609202
609209
609254
609261
609289
609316
609318
609325
609337
609355
609357
609389
609397
609436
609465
609484
609489
609526
609540
609565
609576
609588
609597
609606
609610
609627
609641
609667
609669
609677
609684
609687
609689
609696
609737
609740
609775
609810
609813
609815
609819
609857
609874
609882
609886
609935
609937
609959
609962
609976
609996
610002
610008
610012
610014
610022
610025
610027
610034
610035
610085
610099
610126
610149
610160
610162
610165
610232
610237
610248
610261
610298
610301
610316
610323
610343
610378
610382
610392
610412
610419
610423
610435
610436
610451
610462
610466
610479
610498
610502
610503
610513
610515
610520
610528
610540
610558
610573
610575
610577
610589
610606
610669
610670
610675
610757
610761
610770
610771
610782
610791
610799
610802
610814
610830
610835
610839
610855
610861
610890
610912
610937
610939
610964
610970
610974
610978
610990
611002
611005
611009
611011
611025
611040
611049
611068
611113
611114
611118
611143
611159
611171
611187
611194
611210
611240
611248
611303
611313
611320
611341
611346
611374
611403
611433
611465
611477
611482
611497
611513
611526
611532
611535
611536
611556
611557
611564
611572
611597
611605
611617
611629
611637
611650
611664
611673
611674
611680
611694
611705
611714
611742
611753
611761
611768
611781
611787
611793
611805
611811
611821
611834
611835
611850
611864
611867
611888
611893
611903
611904
611915
611919
611920
611923
611952
611974
611987
611990
612020
612030
612037
612046
612054
612062
612063
612082
612094
612096
612097
612098
612099
612104
612107
612108
612121
612124
612128
612139
612158
612201
612206
612217
612262
612268
612278
612286
612332
612366
612377
612380
612389
612393
612394
612407
612449
612459
612487
612490
612492
612564
612565
612572
612581
612582
612589
612598
612617
612622
612652
612661
612668
612672
612705
612729
612731
612740
612752
612761
612816
612822
612841
612857
612868
612881
612889
612894
612903
612914
612938
612960
612965
612973
613003
613012
613014
613054
613060
613092
613097
613100
613121
613123
613128
613145
613147
613156
613168
613192
613205
613210
613211
613215
613217
613234
613254
613275
613335
613346
613359
613387
613397
613407
613429
613458
613466
613470
613484
613518
613523
613550
613619
613625
613646
613663
613667
613670
613673
613680
613681
613693
613730
613745
613762
613764
613798
613828
613840
613842
613850
613863
613872
613878
613925
613947
613966
613974
613993
614013
614017
614034
614066
614073
614084
614119
614123
614139
614142
614175
614179
614182
614183
614221
614257
614274
614277
614286
614288
614325
614337
614389
614403
614417
614421
614427
614446
614449
614460
614462
614487
614495
614501
614521
614527
614532
614548
614563
614594
614600
614616
614632
614633
614642
614671
614679
614695
614700
614702
614719
614721
614723
614737
614767
614771
614776
614790
614807
614834
614839
614847
614851
614873
614891
614899
614904
614916
614921
614926
614928
614949
614955
614959
615009
615035
615071
615094
615095
615121
615146
615161
615185
615199
615211
615234
615257
615261
615263
615305
615329
615336
615340
615388
615397
615410
615424
615429
615438
615443
615464
615468
615470
615474
615551
615557
615603
615610
615611
615612
615618
615622
615629
615643
615675
615690
615698
615706
615723
615733
615737
615754
615801
615803
615805
615807
615816
615830
615836
615845
615878
615884
615885
615889
615893
615895
615896
615918
615930
615944
615957
615961
615971
615989
616013
616027
616031
616045
616076
616096
616097
616177
616189
616206
616249
616262
616268
616270
616276
616288
616291
616294
616301
616314
616334
616345
616350
616374
616394
616397
616419
616420
616449
616492
616524
616527
616572
616581
616608
616609
616639
616644
616669
616682
616692
616712
616721
616736
616737
616751
616761
616767
616789
616800
616819
616824
616850
616875
616891
616930
616945
616951
616962
616985
617000
617012
617022
617030
617032
617054
617066
617077
617107
617110
617139
617146
617170
617192
617203
617209
617225
617226
617261
617267
617348
617350
617378
617379
617388
617394
617408
617410
617421
617438
617446
617473
617496
617504
617515
617526
617527
617556
617594
617599
617609
617612
617641
617645
617658
617678
617732
617754
617757
617758
617772
617773
617791
617792
617840
617841
617853
617854
617869
617893
617894
617897
617918
617925
617933
617936
617961
617979
617996
617997
618004
618027
618042
618068
618071
618095
618107
618144
618147
618157
618178
618195
618209
618238
618244
618258
618275
618308
618315
618328
618332
618353
618365
618370
618374
618386
618396
618429
618445
618468
618472
618481
618486
618490
618511
618531
618536
618540
618548
618552
618564
618575
618585
618658
618668
618670
618682
618696
618710
618719
618749
618756
618784
618791
618840
618843
618856
618869
618883
618935
618939
618952
618973
618995
618998
619008
619012
619015
619020
619040
619041
619045
619099
619100
619137
619140
619142
619145
619149
619153
619176
619200
619204
619240
619242
619277
619281
619293
619302
619306
619311
619315
619319
619323
619369
619376
619387
619398
619406
619429
619432
619459
619495
619521
619527
619545
619549
619554
619566
619572
619577
619582
619583
619605
619633
619657
619661
619669
619670
619673
619675
619691
619693
619695
619749
619761
619767
619769
619775
619815
619854
619858
619872
619873
619900
619904
619942
619956
619981
619990
620018
620043
620046
620071
620073
620100
620103
620116
620128
620132
620143
620148
620150
620157
620159
620204
620205
620211
620213
620219
620220
620231
620268
620294
620321
620323
620353
620360
620382
620387
620401
620443
620466
620468
620469
620486
620492
620493
620511
620519
620534
620580
620582
620597
620629
620650
620675
620682
620684
620725
620769
620772
620785
620788
620797
620840
620862
620886
620900
620907
620910
620921
620926
620937
620938
620952
620954
620965
620972
620974
620989
621006
621051
621092
621110
621111
621112
621116
621117
621135
621145
621156
621161
621196
621222
621240
621258
621284
621291
621306
621322
621329
621334
621344
621367
621373
621380
621381
621411
621420
621422
621429
621438
621443
621465
621496
621499
621505
621601
621608
621621
621624
621633
621640
621641
621652
621663
621678
621690
621721
621724
621737
621768
621817
621833
621895
621927
621930
621942
621946
621953
621955
621958
621972
621974
622010
622013
622042
622098
622118
622120
622127
622132
622137
622156
622165
622170
622202
622231
622245
622246
622266
622269
622289
622294
622304
622328
622381
622386
622400
622411
622424
622445
622450
622485
622489
622519
622533
622534
622538
622540
622544
622547
622558
622563
622574
622590
622618
622625
622628
622630
622652
622669
622671
622685
622686
622691
622692
622721
622727
622735
622744
622801
622802
622804
622811
622821
622827
622841
622860
622861
622891
622900
622905
622907
622924
622947
622968
622969
622991
622992
622994
622995
623012
623020
623091
623092
623095
623102
623106
623150
623183
623186
623215
623243
623255
623263
623269
623304
623310
623315
623320
623322
623327
623340
623360
623375
623378
623384
623390
623391
623397
623446
623451
623458
623465
623474
623485
623497
623519
623535
623542
623553
623556
623570
623638
623646
623668
623679
623722
623762
623771
623795
623818
623827
623835
623838
623858
623878
623891
623893
623899
623906
623908
623916
623925
623928
623936
623941
623955
623969
623986
623989
624005
624017
624038
624039
624065
624093
624094
624095
624120
624124
624157
624168
624185
624198
624208
624213
624250
624258
624265
624266
624286
624298
624332
624349
624360
624363
624364
624380
624391
624415
624444
624445
624451
624470
624509
624593
624599
624617
624637
624640
624642
624675
624683
624686
624714
624718
624719
624721
624750
624762
624795
624822
624855
624916
624954
624972
624989
625000
625001
625005
625037
625048
625069
625089
625112
625128
625134
625153
625154
625168
625176
625199
625213
625220
625235
625267
625280
625285
625287
625313
625326
625327
625336
625340
625370
625380
625390
625424
625426
625441
625446
625463
625472
625540
625554
625563
625571
625586
625634
625649
625650
625661
625674
625713
625725
625728
625735
625740
625768
625771
625778
625784
625786
625809
625810
625814
625816
625818
625820
625826
625839
625844
625855
625856
625870
625876
625880
625928
625936
625951
625981
625991
625998
626019
626025
626032
626069
626080
626094
626100
626103
626132
626155
626169
626176
626182
626208
626220
626231
626234
626251
626261
626271
626273
626281
626294
626305
626315
626320
626337
626350
626369
626374
626419
626428
626437
626440
626446
626448
626472
626474
626476
626479
626484
626487
626550
626553
626560
626577
626587
626602
626625
626630
626631
626636
626664
626670
626675
626682
626718
626741
626742
626748
626757
626770
626787
626793
626796
626800
626804
626808
626821
626847
626850
626854
626919
626931
626945
626972
626974
627023
627027
627046
627080
627126
627131
627141
627159
627161
627176
627184
627185
627199
627208
627209
627226
627237
627268
627293
627298
627315
627329
627345
627352
627381
627393
627420
627465
627483
627511
627522
627530
627533
627546
627566
627567
627597
627598
627599
627628
627632
627655
627656
627694
627695
627720
627725
627729
627742
627743
627744
627754
627768
627777
627797
627799
627816
627838
627839
627845
627854
627875
627914
627920
627960
627983
628001
628023
628028
628029
628049
628050
628060
628077
628123
628127
628139
628171
628173
628175
628183
628195
628205
628239
628243
628306
628323
628348
628367
628372
628394
628409
628423
628439
628466
628492
628501
628502
628557
628589
628601
628630
628641
628664
628666
628675
628676
628698
628711
628716
628720
628749
628762
628774
628782
628807
628828
628829
628832
628838
628846
628848
628862
628867
628923
628929
628954
628965
628974
628978
628981
629009
629015
629017
629028
629031
629042
629080
629104
629114
629120
629126
629169
629178
629181
629234
629239
629243
629246
629262
629316
629319
629346
629348
629350
629360
629363
629371
629410
629421
629426
629437
629447
629464
629469
629479
629490
629496
629504
629512
629515
629517
629526
629532
629582
629617
629631
629649
629665
629674
629695
629698
629704
629707
629716
629728
629732
629769
629791
629802
629813
629822
629835
629848
629850
629854
629869
629937
629942
629949
629982
629989
630005
630078
630142
630153
630214
630216
630222
630227
630234
630240
630269
630301
630312
630344
630362
630368
630423
630441
630448
630478
630479
630495
630505
630508
630509
630517
630549
630569
630635
630647
630680
630696
630700
630725
630734
630747
630760
630770
630772
630791
630795
630796
630809
630815
630817
630825
630837
630857
630871
630872
630876
630892
630918
630923
630927
630945
630952
630953
630962
630964
630982
630983
630984
630990
631021
631055
631058
631062
631065
631071
631077
631081
631083
631090
631094
631122
631132
631158
631177
631188
631216
631219
631235
631259
631275
631277
631282
631318
631332
631341
631355
631381
631390
631406
631416
631439
631450
631453
631456
631469
631471
631487
631504
631515
631521
631534
631556
631564
631623
631659
631680
631696
631728
631731
631737
631751
631766
631769
631782
631801
631818
631823
631840
631856
631862
631893
631903
631907
631919
631953
631956
631972
631982
632004
632021
632027
632037
632062
632089
632103
632115
632132
632141
632145
632150
632153
632162
632164
632198
632209
632230
632263
632272
632288
632323
632328
632329
632330
632332
632349
632365
632420
632434
632442
632444
632449
632467
632470
632504
632524
632542
632558
632565
632581
632629
632645
632653
632673
632692
632705
632711
632715
632722
632725
632729
632761
632784
632799
632818
632845
632846
632868
632872
632873
632891
632892
632895
632902
632910
632941
632943
632979
633000
633004
633005
633026
633036
633051
633056
633082
633096
633101
633107
633112
633140
633150
633151
633156
633160
633180
633189
633198
633203
633214
633218
633236
633237
633244
633279
633346
633365
633367
633398
633417
633419
633430
633438
633439
633448
633466
633475
633479
633484
633492
633503
633506
633507
633517
633518
633537
633546
633558
633594
633643
633659
633671
633674
633683
633695
633698
633703
633716
633726
633740
633748
633757
633785
633795
633814
633818
633851
633857
633886
633908
633949
633953
634018
634029
634070
634097
634107
634124
634127
634130
634138
634139
634144
634149
634173
634217
634269
634273
634274
634320
634336
634352
634375
634391
634397
634401
634406
634424
634435
634437
634469
634474
634477
634485
634489
634497
634505
634510
634514
634524
634538
634544
634546
634555
634563
634567
634573
634574
634621
634635
634647
634662
634715
634721
634738
634746
634747
634767
634787
634804
634814
634830
634838
634839
634849
634850
634901
634903
634912
634927
634928
634973
635046
635049
635055
635071
635079
635133
635170
635197
635217
635220
635237
635238
635246
635267
635314
635319
635321
635322
635328
635348
635375
635379
635394
635402
635415
635432
635438
635453
635456
635461
635463
635472
635483
635540
635541
635543
635598
635608
635651
635665
635698
635701
635725
635731
635738
635754
635760
635796
635797
635798
635807
635855
635868
635874
635880
635886
635896
635929
635949
635950
635961
635963
635988
635998
636034
636057
636059
636079
636120
636126
636138
636145
636169
636202
636204
636207
636223
636240
636266
636283
636312
636325
636339
636345
636373
636377
636396
636404
636405
636424
636446
636455
636470
636515
636520
636537
636540
636555
636558
636604
636605
636620
636627
636640
636682
636700
636728
636735
636743
636744
636777
636781
636806
636808
636810
636837
636840
636852
636864
636878
636892
636952
636996
637004
637014
637029
637110
637115
637138
637161
637181
637212
637244
637250
637251
637268
637290
637328
637331
637391
637401
637405
637414
637450
637452
637467
637493
637502
637505
637511
637512
637521
637526
637556
637584
637629
637631
637636
637640
637658
637661
637669
637705
637713
637718
637735
637746
637764
637787
637836
637856
637867
637877
637900
637928
637960
637966
637968
638030
638041
638046
638055
638059
638068
638092
638102
638128
638135
638180
638214
638232
638240
638246
638250
638253
638256
638260
638264
638274
638282
638283
638284
638319
638347
638383
638395
638456
638484
638485
638491
638507
638513
638518
638532
638540
638555
638568
638586
638590
638595
638612
638618
638621
638625
638634
638639
638645
638663
638667
638671
638684
638694
638703
638709
638717
638724
638753
638758
638772
638777
638810
638854
638861
638872
638891
638899
638907
638931
638955
638977
638984
638987
638992
638994
639001
639014
639016
639026
639053
639084
639101
639102
639130
639176
639178
639193
639195
639205
639220
639225
639226
639272
639295
639333
639337
639338
639340
639344
639347
639354
639422
639441
639445
639446
639452
639453
639460
639481
639484
639497
639516
639521
639559
639563
639585
639592
639612
639630
639639
639649
639653
639656
639668
639684
639685
639719
639739
639751
639761
639769
639772
639785
639840
639861
639886
639903
639934
639952
639956
639958
639968
640032
640033
640048
640049
640057
640076
640086
640109
640115
640116
640121
640125
640130
640131
640150
640165
640173
640181
640194
640198
640204
640212
640252
640259
640267
640281
640311
640318
640326
640327
640338
640340
640347
640365
640385
640400
640403
640416
640434
640440
640475
640482
640491
640504
640525
640553
640562
640573
640589
640590
640594
640613
640619
640676
640679
640688
640692
640701
640703
640708
640715
640759
640767
640779
640780
640786
640787
640796
640849
640863
640875
640888
640903
640913
640921
640922
640958
640968
640973
640975
641005
641006
641012
641027
641044
641048
641055
641111
641164
641187
641197
641232
641234
641253
641269
641274
641303
641313
641339
641345
641352
641365
641374
641380
641403
641413
641418
641423
641448
641464
641469
641476
641488
641492
641499
641500
641501
641503
641507
641545
641560
641568
641575
641577
641584
641585
641589
641591
641605
641616
641628
641638
641643
641645
641648
641649
641659
641664
641673
641697
641713
641723
641741
641761
641764
641767
641774
641786
641787
641793
641812
641823
641866
641890
641899
641906
641911
641914
641924
641929
641953
641963
641977
641996
642022
642034
642052
642053
642078
642095
642106
642113
642116
642120
642122
642149
642153
642179
642189
642215
642222
642233
642249
642269
642280
642283
642294
642326
642332
642343
642352
642372
642392
642415
642434
642436
642454
642486
642501
642524
642538
642541
642545
642561
642563
642605
642628
642675
642679
642684
642702
642724
642741
642757
642762
642763
642781
642822
642823
642833
642839
642853
642871
642884
642891
642936
642943
642945
642948
642960
642994
643007
643017
643037
643068
643085
643116
643124
643129
643131
643188
643205
643206
643240
643252
643255
643270
643282
643307
643308
643315
643316
643344
643366
643370
643389
643396
643412
643438
643439
643449
643453
643459
643465
643467
643469
643483
643484
643488
643523
643528
643529
643535
643545
643591
643595
643631
643644
643650
643658
643703
643742
643749
643750
643757
643758
643775
643792
643798
643799
643822
643861
643863
643870
643875
643876
643895
643901
643904
643950
643981
643988
644002
644012
644037
644048
644058
644071
644074
644102
644116
644125
644129
644213
644243
644264
644270
644296
644305
644314
644336
644343
644356
644362
644372
644380
644403
644420
644435
644444
644447
644455
644471
644476
644494
644499
644516
644534
644577
644622
644698
644811
644865
644883
644924
644944
644952
644970
644992
645001
645002
645010
645015
645032
645069
645076
645083
645097
645104
645109
645124
645128
645150
645154
645183
645187
645191
645206
645207
645228
645273
645282
645283
645295
645317
645322
645324
645326
645332
645340
645364
645369
645411
645423
645440
645448
645460
645519
645524
645534
645547
645567
645587
645602
645614
645616
645628
645629
645660
645661
645662
645663
645678
645696
645720
645725
645739
645743
645747
645754
645778
645795
645831
645848
645863
645909
645920
645943
645944
645951
645958
645959
645970
645972
645979
645990
645995
646021
646031
646032
646038
646040
646045
646046
646062
646067
646071
646080
646081
646093
646094
646099
646132
646144
646154
646158
646160
646162
646198
646235
646242
646254
646265
646273
646277
646282
646286
646329
646330
646346
646375
646380
646406
646414
646426
646428
646439
646495
646511
646541
646572
646593
646594
646601
646609
646617
646622
646625
646628
646644
646645
646650
646652
646656
646662
646684
646754
646758
646771
646810
646820
646825
646843
646853
646865
646887
646911
646913
646950
646961
646966
646982
647005
647026
647032
647044
647045
647048
647066
647073
647082
647108
647112
647131
647133
647137
647172
647174
647217
647218
647227
647321
647327
647372
647378
647386
647410
647411
647423
647429
647440
647454
647539
647558
647559
647581
647589
647627
647638
647641
647648
647652
647656
647664
647670
647671
647673
647674
647676
647682
647693
647695
647696
647697
647724
647748
647771
647796
647840
647844
647851
647874
647912
647924
647966
647985
647995
648005
648007
648017
648031
648034
648035
648053
648067
648100
648117
648118
648119
648124
648131
648148
648162
648179
648231
648246
648251
648277
648293
648312
648314
648320
648321
648329
648355
648363
648374
648385
648399
648402
648422
648439
648446
648460
648468
648469
648473
648559
648574
648586
648587
648591
648614
648625
648642
648654
648678
648736
648742
648744
648757
648797
648822
648824
648843
648856
648859
648865
648871
648895
648899
648903
648910
648945
648970
648992
649012
649017
649018
649036
649046
649087
649092
649101
649120
649134
649139
649151
649160
649177
649179
649242
649267
649270
649303
649312
649341
649345
649366
649419
649423
649430
649446
649449
649454
649478
649539
649556
649597
649605
649614
649627
649641
649653
649663
649664
649665
649666
649668
649675
649684
649717
649724
649736
649754
649801
649808
649818
649837
649855
649877
649914
649918
649932
649950
649970
649984
649993
650005
650017
650032
650045
650060
650065
650073
650101
650104
650107
650128
650129
650146
650163
650168
650177
650183
650220
650231
650239
650242
650244
650249
650250
650307
650333
650349
650361
650362
650367
650370
650401
650423
650464
650471
650473
650483
650507
650511
650513
650523
650545
650575
650577
650579
650580
650600
650608
650617
650642
650645
650646
650667
650679
650706
650715
650745
650758
650770
650771
650793
650795
650833
650844
650872
650899
650903
650909
650928
650944
650947
650948
650954
650969
650984
650996
651006
651010
651022
651045
651080
651083
651095
651096
651100
651114
651138
651140
651168
651179
651180
651193
651199
651204
651234
651252
651281
651341
651357
651374
651395
651406
651418
651425
651440
651441
651447
651482
651502
651509
651529
651537
651541
651548
651563
651626
651639
651672
651679
651680
651719
651721
651751
651764
651772
651793
651816
651825
651827
651837
651840
651850
651870
651871
651904
651912
651916
651922
651924
651927
651939
651971
651977
651979
651997
652030
652036
652052
652077
652093
652117
652120
652125
652135
652161
652194
652202
652233
652235
652250
652260
652262
652263
652296
652299
652358
652377
652403
652428
652433
652443
652445
652452
652474
652477
652483
652498
652502
652510
652571
652580
652584
652610
652616
652634
652657
652667
652680
652698
652722
652731
652732
652747
652749
652769
652786
652818
652819
652820
652821
652822
652851
652853
652867
652926
652933
652949
652959
652965
652967
652975
653004
653005
653009
653017
653026
653036
653052
653053
653067
653070
653085
653088
653098
653100
653141
653145
653146
653154
653160
653161
653165
653183
653190
653207
653218
653254
653258
653273
653281
653296
653314
653327
653332
653333
653346
653352
653409
653431
653432
653455
653462
653479
653483
653492
653503
653530
653533
653535
653545
653596
653620
653621
653629
653635
653662
653698
653699
653718
653720
653722
653733
653739
653749
653751
653753
653758
653793
653805
653807
653840
653852
653860
653870
653886
653903
653936
653975
654014
654019
654022
654045
654058
654081
654115
654119
654121
654126
654134
654147
654156
654168
654172
654195
654200
654232
654243
654244
654251
654290
654297
654303
654327
654330
654351
654355
654371
654383
654384
654388
654404
654409
654414
654416
654434
654463
654504
654508
654512
654513
654518
654521
654538
654560
654565
654584
654600
654602
654614
654631
654670
654701
654734
654735
654737
654741
654757
654778
654784
654788
654792
654795
654799
654805
654814
654864
654870
654881
654909
654913
654945
654950
654951
654983
654998
655014
655017
655033
655035
655038
655047
655092
655097
655105
655109
655112
655136
655141
655144
655161
655207
655208
655224
655248
655257
655272
655273
655275
655313
655346
655351
655355
655388
655501
655506
655528
655535
655550
655590
655596
655599
655607
655613
655617
655626
655643
655662
655702
655710
655717
655764
655771
655782
655785
655799
655800
655802
655840
655843
655844
655846
655848
655851
655874
655899
655907
655922
655929
655949
655959
655965
655970
656010
656016
656027
656037
656038
656046
656086
656112
656123
656126
656128
656150
656155
656156
656159
656189
656211
656225
656239
656254
656260
656279
656366
656368
656372
656389
656401
656403
656411
656415
656420
656443
656448
656466
656469
656505
656511
656515
656518
656522
656524
656535
656571
656574
656576
656601
656602
656606
656609
656613
656641
656652
656663
656665
656668
656675
656683
656684
656706
656728
656744
656757
656784
656801
656836
656837
656842
656847
656849
656850
656893
656905
656907
656909
656921
656930
656935
656937
656943
656947
656950
656967
657018
657028
657033
657038
657040
657042
657092
657103
657114
657125
657140
657154
657155
657173
657175
657178
657188
657201
657208
657217
657235
657236
657237
657243
657251
657257
657308
657316
657319
657347
657350
657353
657370
657377
657384
657389
657413
657418
657434
657446
657449
657458
657486
657490
657503
657506
657520
657536
657551
657571
657598
657609
657611
657653
657659
657698
657722
657730
657790
657807
657812
657814
657827
657828
657836
657895
657907
657914
657916
657932
657940
657959
657969
657970
657989
657995
657998
658010
658016
658038
658061
658063
658067
658069
658075
658079
658100
658128
658134
658173
658175
658228
658278
658284
658291
658315
658322
658344
658359
658363
658367
658376
658392
658403
658406
658411
658427
658444
658445
658455
658465
658468
658475
658476
658491
658495
658582
658601
658603
658635
658643
658656
658660
658681
658703
658739
658740
658749
658788
658789
658815
658864
658914
658932
658933
658939
658941
658944
658949
658958
658960
658975
658981
658983
658992
658996
659013
659040
659049
659051
659082
659110
659125
659133
659151
659156
659163
659192
659206
659222
659225
659233
659235
659239
659251
659253
659258
659276
659282
659287
659299
659341
659350
659362
659372
659387
659388
659400
659510
659521
659548
659564
659578
659588
659593
659601
659613
659620
659633
659634
659646
659659
659663
659678
659682
659685
659686
659724
659728
659759
659762
659772
659777
659805
659806
659812
659814
659820
659822
659823
659826
659872
659875
659883
659886
659887
659920
659932
659952
659981
659993
660025
660026
660056
660067
660082
660087
660105
660108
660149
660152
660178
660197
660203
660213
660225
660277
660279
660337
660345
660347
660357
660366
660370
660373
660389
660428
660429
660444
660457
660463
660510
660511
660520
660547
660582
660586
660602
660614
660647
660670
660671
660674
660698
660719
660724
660740
660746
660757
660763
660769
660771
660772
660782
660783
660796
660811
660833
660838
660840
660860
660869
660870
660894
660905
660907
660916
660930
660937
660959
661016
661026
661027
661035
661077
661082
661099
661102
661111
661115
661142
661148
661149
661165
661184
661194
661202
661211
661215
661236
661247
661250
661270
661287
661293
661322
661324
661330
661372
661380
661419
661443
661481
661494
661504
661507
661510
661511
661514
661525
661536
661552
661587
661612
661658
661669
661673
661679
661683
661693
661716
661727
661735
661741
661747
661757
661768
661773
661778
661787
661797
661811
661816
661843
661849
661879
661902
661914
661923
661930
661974
661983
661986
662018
662045
662062
662090
662109
662118
662129
662137
662141
662146
662149
662176
662188
662194
662196
662197
662212
662214
662219
662252
662256
662257
662268
662271
662284
662310
662346
662367
662369
662371
662379
662385
662395
662406
662411
662438
662479
662519
662530
662533
662550
662555
662561
662562
662567
662569
662571
662613
662628
662630
662636
662639
662655
662690
662691
662698
662706
662746
662778
662812
662817
662818
662837
662855
662856
662864
662884
662896
662901
662910
662927
662931
662939
662964
662979
662983
662984
662985
662998
663001
663007
663026
663028
663036
663038
663042
663045
663046
663055
663062
663067
663069
663094
663096
663118
663123
663124
663131
663162
663188
663195
663226
663280
663324
663329
663340
663355
663362
663371
663372
663420
663477
663488
663491
663522
663541
663567
663581
663584
663587
663633
663634
663638
663644
663663
663669
663670
663671
663683
663711
663721
663737
663754
663763
663772
663799
663805
663808
663843
663860
663865
663886
663894
663923
663927
663928
663933
663949
663958
663986
663991
663994
664015
664070
664080
664099
664116
664132
664153
664154
664163
664165
664175
664207
664233
664235
664249
664253
664270
664277
664314
664319
664355
664356
664359
664368
664374
664378
664397
664398
664443
664449
664455
664476
664478
664484
664490
664493
664505
664511
664526
664529
664531
664545
664550
664551
664552
664559
664585
664605
664621
664664
664700
664703
664706
664715
664745
664793
664812
664857
664878
664883
664917
664928
664954
664973
664983
664988
665012
665019
665023
665036
665059
665070
665112
665143
665187
665196
665201
665204
665225
665236
665259
665265
665281
665308
665318
665330
665332
665337
665355
665361
665368
665400
665427
665446
665463
665494
665505
665511
665513
665532
665551
665559
665573
665598
665599
665627
665648
665651
665654
665656
665660
665694
665733
665744
665748
665750
665753
665755
665818
665826
665848
665913
665914
665921
665932
665941
665963
665979
665982
665990
665996
666009
666036
666046
666059
666076
666091
666100
666142
666165
666166
666167
666190
666209
666214
666215
666240
666242
666244
666261
666273
666289
666307
666336
666350
666376
666399
666418
666421
666455
666456
666489
666493
666497
666504
666505
666508
666513
666542
666554
666580
666581
666636
666662
666707
666743
666753
666760
666798
666814
666835
666841
666849
666874
666877
666880
666888
666909
666921
666963
666968
667027
667029
667060
667062
667081
667090
667100
667145
667150
667152
667178
667180
667187
667200
667210
667231
667235
667241
667254
667255
667278
667295
667307
667342
667351
667352
667358
667368
667381
667397
667418
667443
667472
667502
667517
667537
667569
667576
667578
667580
667600
667608
667610
667622
667627
667631
667646
667689
667696
667697
667707
667715
667729
667758
667813
667827
667844
667846
667854
667859
667860
667884
667912
667928
667967
667978
667981
667988
667990
668031
668032
668063
668066
668075
668080
668081
668090
668114
668135
668140
668143
668154
668161
668178
668204
668212
668230
668232
668239
668240
668269
668270
668283
668287
668298
668324
668372
668383
668404
668405
668439
668440
668459
668464
668474
668478
668480
668498
668501
668502
668520
668529
668531
668532
668536
668548
668557
668559
668583
668592
668628
668636
668649
668685
668714
668757
668770
668828
668830
668850
668861
668886
668893
668895
668903
668907
668926
668954
668979
668983
668994
669001
669027
669059
669061
669094
669105
669106
669108
669124
669129
669146
669151
669153
669171
669229
669248
669257
669280
669289
669294
669295
669307
669308
669310
669314
669331
669354
669355
669370
669374
669407
669421
669448
669464
669475
669480
669513
669541
669564
669567
669578
669605
669608
669617
669627
669628
669638
669648
669679
669681
669682
669699
669739
669746
669764
669781
669783
669794
669796
669803
669808
669813
669823
669828
669881
669883
669927
669964
669968
669974
669979
669988
669995
670010
670016
670022
670025
670041
670047
670053
670070
670074
670098
670137
670168
670228
670243
670255
670264
670270
670274
670288
670298
670305
670339
670344
670365
670370
670378
670380
670386
670393
670443
670463
670464
670468
670492
670504
670581
670594
670611
670613
670681
670705
670720
670722
670753
670771
670773
670819
670823
670826
670835
670845
670849
670864
670887
670903
670915
670921
670923
670924
670982
670988
671000
671028
671038
671040
671079
671085
671109
671124
671141
671151
671163
671165
671186
671198
671199
671201
671221
671227
671237
671252
671269
671285
671291
671299
671300
671321
671343
671344
671347
671348
671353
671382
671386
671397
671429
671431
671440
671452
671455
671466
671471
671476
671478
671479
671486
671519
671521
671534
671540
671563
671567
671568
671574
671581
671606
671607
671612
671616
671638
671640
671655
671662
671716
671722
671735
671742
671764
671775
671787
671788
671792
671811
671819
671823
671825
671827
671832
671839
671874
671878
671900
671906
671908
671928
671932
671938
671958
671970
671981
671988
671990
671992
671997
672001
672003
672005
672023
672039
672070
672082
672098
672115
672121
672137
672156
672164
672210
672223
672236
672255
672257
672274
672303
672312
672313
672332
672333
672346
672387
672402
672408
672410
672411
672437
672443
672465
672469
672471
672482
672487
672510
672515
672516
672523
672529
672535
672553
672566
672577
672580
672600
672605
672610
672628
672648
672650
672681
672695
672726
672759
672788
672814
672819
672825
672831
672848
672852
672908
672915
672922
672975
672988
673006
673015
673026
673034
673050
673062
673074
673080
673081
673116
673132
673141
673174
673192
673193
673221
673227
673247
673276
673278
673301
673334
673337
673340
673354
673371
673376
673378
673383
673386
673398
673401
673402
673417
673423
673460
673467
673471
673482
673484
673490
673499
673501
673507
673510
673522
673527
673557
673595
673599
673605
673620
673624
673637
673659
673660
673679
673683
673697
673722
673752
673753
673769
673774
673777
673787
673803
673810
673823
673826
673830
673861
673882
673893
673925
673934
673945
673957
673973
673992
673994
673998
674001
674014
674021
674039
674040
674066
674088
674098
674099
674147
674158
674227
674261
674281
674295
674297
674320
674325
674327
674348
674368
674384
674387
674393
674395
674403
674411
674433
674447
674452
674459
674462
674483
674490
674504
674536
674588
674591
674601
674607
674608
674618
674626
674646
674687
674692
674698
674713
674722
674765
674805
674825
674832
674857
674867
674876
674877
674895
674906
674909
674915
674934
674941
674943
674967
674972
674993
675009
675023
675029
675033
675038
675047
675049
675052
675066
675067
675085
675111
675118
675126
675133
675141
675170
675174
675195
675202
675248
675250
675261
675271
675284
675300
675301
675321
675345
675362
675367
675368
675411
675417
675428
675447
675465
675474
675476
675477
675497
675513
675514
675521
675549
675565
675568
675577
675616
675620
675623
675635
675644
675653
675657
675679
675680
675690
675692
675697
675728
675736
675787
675802
675832
675836
675856
675871
675903
675907
675929
675955
675957
675967
675969
675986
676016
676019
676032
676067
676079
676082
676104
676113
676115
676137
676142
676154
676159
676165
676177
676207
676240
676259
676266
676274
676281
676307
676309
676330
676354
676368
676373
676376
676380
676384
676395
676405
676423
676424
676427
676438
676440
676444
676458
676461
676470
676478
676489
676506
676529
676553
676564
676571
676592
676596
676604
676613
676620
676634
676655
676658
676661
676667
676675
676704
676751
676752
676782
676795
676812
676858
676859
676883
676939
676985
676993
677003
677012
677057
677098
677109
677130
677166
677167
677190
677191
677201
677207
677225
677231
677239
677243
677248
677260
677311
677318
677327
677346
677349
677357
677363
677390
677433
677440
677448
677476
677487
677492
677506
677522
677568
677570
677594
677608
677623
677647
677665
677667
677677
677684
677705
677713
677725
677737
677751
677755
677772
677790
677791
677797
677808
677827
677835
677843
677871
677884
677894
677921
677937
677950
677961
677971
677976
677992
678010
678012
678028
678029
678032
678034
678045
678050
678055
678059
678090
678114
678122
678125
678127
678129
678131
678132
678147
678162
678175
678180
678181
678204
678216
678217
678224
678229
678241
678275
678285
678296
678297
678308
678317
678327
678334
678356
678357
678406
678438
678445
678453
678535
678543
678564
678584
678594
678597
678621
678661
678684
678774
678803
678808
678816
678831
678834
678850
678853
678873
678878
678882
678893
678913
678919
678950
678951
678966
679012
679054
679067
679069
679072
679097
679105
679110
679127
679201
679204
679254
679267
679276
679287
679302
679318
679337
679348
679350
679362
679363
679371
679372
679387
679397
679417
679421
679432
679451
679456
679499
679503
679553
679576
679597
679599
679600
679623
679632
679657
679670
679687
679730
679739
679754
679757
679787
679793
679798
679810
679827
679853
679862
679869
679878
679881
679883
679893
679897
679906
679936
679948
679960
679964
679968
679976
679997
680000
680027
680048
680050
680051
680075
680082
680092
680105
680121
680124
680128
680135
680147
680154
680159
680163
680182
680191
680192
680201
680215
680239
680293
680311
680335
680350
680367
680378
680394
680400
680401
680426
680435
680436
680465
680474
680478
680482
680501
680514
680519
680526
680527
680567
680570
680576
680590
680636
680641
680644
680645
680651
680659
680712
680721
680749
680758
680773
680783
680786
680814
680820
680834
680840
680852
680887
680895
680902
680936
680940
680944
680948
680957
680981
681007
681046
681063
681092
681113
681114
681116
681120
681125
681153
681156
681189
681191
681196
681230
681240
681252
681290
681322
681334
681338
681353
681359
681362
681364
681381
681406
681407
681414
681445
681449
681469
681487
681510
681517
681539
681546
681566
681598
681613
681631
681645
681657
681659
681682
681723
681739
681750
681777
681788
681798
681799
681803
681807
681809
681812
681859
681866
681867
681909
681912
681916
681924
681976
681981
681983
681997
682008
682017
682024
682030
682042
682061
682098
682099
682113
682122
682128
682135
682145
682149
682166
682211
682214
682218
682227
682228
682232
682252
682254
682276
682289
682298
682323
682325
682343
682347
682417
682433
682439
682450
682468
682518
682534
682535
682570
682608
682613
682623
682624
682628
682649
682651
682658
682694
682725
682749
682794
682830
682833
682870
682883
682889
682900
682909
682931
682943
682982
683017
683019
683036
683044
683064
683080
683125
683146
683182
683189
683220
683230
683269
683270
683282
683294
683297
683360
683371
683382
683390
683391
683411
683419
683428
683432
683450
683474
683509
683528
683534
683543
683578
683607
683610
683624
683627
683628
683644
683677
683700
683701
683730
683746
683766
683775
683796
683807
683821
683833
683836
683843
683863
683900
683910
683911
683926
683932
683961
684014
684025
684063
684071
684076
684082
684103
684104
684127
684135
684168
684188
684191
684207
684222
684224
684251
684263
684270
684287
684294
684300
684301
684340
684349
684351
684367
684380
684405
684415
684438
684441
684463
684473
684483
684488
684495
684499
684519
684536
684539
684545
684551
684556
684582
684592
684606
684613
684644
684645
684649
684650
684679
684699
684702
684712
684719
684763
684765
684793
684810
684821
684823
684828
684852
684868
684869
684875
684887
684892
684910
684938
684948
684952
684953
684966
684969
684971
684985
684988
684994
684999
685054
685059
685064
685084
685101
685110
685122
685128
685129
685133
685138
685149
685150
685160
685170
685187
685189
685199
685228
685261
685265
685321
685322
685330
685332
685340
685386
685417
685432
685522
685527
685545
685557
685559
685565
685606
685632
685647
685659
685678
685680
685690
685695
685697
685728
685740
685756
685792
685833
685840
685842
685877
685878
685896
685920
685927
685942
685951
685953
685957
685963
685969
685975
685976
685980
685985
685989
686008
686013
686017
686019
686039
686056
686061
686062
686087
686098
686104
686113
686140
686175
686188
686205
686213
686234
686240
686259
686273
686277
686288
686297
686298
686335
686348
686353
686373
686396
686403
686417
686421
686448
686451
686465
686499
686506
686507
686524
686535
686549
686556
686561
686575
686607
686612
686654
686666
686676
686686
686693
686698
686705
686712
686727
686754
686764
686779
686794
686803
686815
686817
686818
686822
686827
686839
686846
686889
686927
686933
686972
686975
686976
686977
686981
686997
687006
687013
687032
687073
687080
687085
687104
687108
687130
687139
687189
687198
687199
687236
687240
687241
687244
687250
687258
687266
687319
687325
687344
687347
687365
687368
687376
687417
687419
687420
687421
687432
687456
687457
687460
687470
687478
687488
687497
687507
687534
687565
687619
687648
687651
687654
687671
687680
687681
687682
687719
687727
687733
687737
687746
687748
687751
687753
687760
687769
687832
687889
687903
687926
687928
687944
688025
688027
688043
688053
688054
688057
688084
688118
688129
688135
688142
688154
688167
688229
688242
688245
688273
688278
688294
688298
688305
688319
688325
688349
688415
688419
688423
688435
688452
688458
688463
688480
688487
688501
688505
688524
688536
688540
688549
688558
688577
688590
688601
688610
688629
688631
688638
688645
688663
688681
688709
688740
688753
688794
688805
688824
688825
688837
688839
688861
688872
688881
688905
688906
688913
688925
688952
688963
688970
688980
689030
689035
689043
689046
689060
689069
689082
689083
689085
689103
689165
689168
689176
689178
689186
689187
689201
689243
689253
689257
689260
689263
689265
689272
689278
689284
689290
689298
689299
689339
689343
689349
689356
689358
689372
689405
689408
689409
689419
689430
689434
689457
689462
689465
689468
689493
689559
689583
689586
689589
689606
689631
689640
689660
689676
689690
689691
689694
689697
689707
689709
689714
689728
689733
689737
689756
689765
689779
689795
689817
689833
689861
689880
689887
689928
689933
689961
689982
690002
690014
690017
690025
690049
690073
690118
690130
690143
690164
690170
690175
690204
690225
690240
690293
690308
690309
690319
690336
690338
690340
690347
690361
690386
690389
690397
690400
690408
690412
690420
690446
690461
690483
690489
690504
690508
690516
690517
690522
690536
690576
690589
690603
690610
690612
690627
690636
690657
690658
690692
690722
690724
690733
690736
690739
690751
690766
690771
690775
690802
690817
690823
690853
690856
690872
690877
690912
690921
690927
690930
690939
690962
690990
690999
691038
691046
691061
691062
691066
691070
691083
691093
691107
691123
691165
691166
691180
691202
691206
691207
691261
691268
691289
691298
691306
691323
691336
691354
691356
691376
691386
691395
691461
691485
691489
691506
691512
691531
691535
691546
691549
691559
691569
691579
691594
691596
691597
691606
691623
691624
691625
691626
691633
691656
691708
691716
691723
691748
691771
691782
691783
691786
691798
691831
691840
691871
691875
691883
691901
691909
691917
691943
691970
691997
692001
692019
692036
692092
692107
692121
692152
692192
692226
692285
692323
692327
692371
692379
692380
692386
692396
692402
692405
692426
692427
692440
692444
692450
692452
692464
692481
692517
692520
692549
692553
692559
692571
692592
692607
692638
692644
692667
692694
692702
692764
692766
692767
692772
692774
692780
692783
692810
692838
692859
692875
692895
692908
692912
692913
692933
692950
692963
692981
692993
693012
693016
693025
693031
693051
693061
693067
693069
693083
693099
693114
693128
693129
693155
693165
693169
693174
693237
693254
693274
693306
693309
693314
693325
693331
693333
693359
693369
693370
693371
693381
693427
693428
693438
693442
693495
693514
693516
693540
693554
693556
693561
693612
693654
693657
693736
693756
693778
693800
693805
693814
693830
693853
693857
693894
693906
693940
693953
693957
693974
694006
694036
694038
694047
694052
694082
694091
694104
694133
694140
694147
694162
694215
694216
694217
694252
694284
694287
694336
694337
694340
694356
694360
694369
694370
694391
694395
694404
694406
694414
694419
694422
694434
694436
694450
694466
694477
694487
694489
694502
694520
694527
694551
694563
694570
694578
694590
694598
694625
694675
694685
694708
694774
694796
694823
694824
694854
694870
694878
694901
694921
694928
694941
694944
694962
694977
694988
695009
695011
695020
695036
695054
695056
695124
695125
695148
695149
695189
695199
695207
695230
695246
695263
695289
695292
695320
695323
695327
695343
695353
695355
695391
695401
695416
695421
695433
695473
695475
695481
695495
695504
695567
695578
695606
695619
695620
695645
695648
695666
695698
695723
695757
695784
695807
695825
695883
695903
695928
695929
695930
695935
695955
695962
695964
695967
695968
695979
696014
696039
696049
696076
696120
696162
696165
696167
696169
696180
696184
696186
696192
696195
696202
696229
696231
696240
696258
696288
696312
696329
696340
696343
696353
696397
696400
696442
696444
696447
696456
696478
696487
696489
696495
696497
696555
696558
696562
696568
696572
696574
696592
696593
696616
696666
696671
696684
696696
696704
696705
696709
696731
696736
696779
696864
696865
696869
696872
696875
696880
696887
696921
696950
696979
697002
697003
697014
697029
697047
697101
697108
697123
697135
697141
697144
697166
697183
697195
697200
697205
697246
697251
697275
697279
697338
697389
697401
697422
697454
697463
697472
697487
697492
697501
697526
697538
697581
697615
697622
697643
697650
697663
697684
697688
697700
697705
697732
697769
697770
697782
697812
697813
697826
697844
697889
697897
697907
697927
697934
697965
697993
698010
698037
698041
698062
698065
698077
698096
698119
698145
698155
698189
698234
698258
698278
698304
698313
698328
698332
698336
698368
698380
698396
698452
698473
698492
698500
698583
698592
698594
698599
698613
698654
698664
698708
698727
698733
698744
698761
698762
698814
698825
698834
698884
698916
698946
698961
699006
699023
699031
699039
699065
699066
699075
699098
699123
699156
699167
699182
699183
699191
699209
699213
699222
699230
699276
699283
699293
699310
699311
699322
699325
699331
699334
699348
699360
699375
699392
699402
699474
699508
699514
699534
699565
699570
699582
699589
699597
699617
699627
699631
699643
699649
699651
699667
699678
699734
699761
699791
699794
699802
699805
699831
699851
699889
699900
699903
699910
699912
699922
699926
699928
699933
699965
699993
