800005
800025
800029
800035
800075
800087
800092
800094
800119
800120
800132
800140
800147
800149
800168
800175
800184
800251
800309
800328
800341
800365
800372
800384
800395
800421
800426
800436
800437
800467
800499
800510
800527
800565
800574
800586
800603
800624
800640
800665
800694
800719
800769
800771
800788
800797
800812
800827
800829
800851
800856
800857
800869
800894
800907
800945
800953
800966
801016
801021
801025
801032
801059
801060
801064
801082
801116
801154
801163
801165
801172
801178
801179
801181
801182
801184
801189
801201
801215
801245
801269
801276
801313
801320
801326
801327
801334
801340
801365
801384
801396
801403
801429
801452
801455
801464
801466
801467
801469
801472
801486
801504
801507
801548
801551
801557
801564
801574
801583
801590
801629
801644
801667
801689
801696
801701
801704
801775
801776
801807
801821
801851
801856
801857
801871
801905
801907
801914
801947
801948
801957
801994
802000
802003
802005
802032
802070
802088
802094
802097
802103
802104
802114
802120
802128
802130
802149
802171
802205
802212
802265
802286
802288
802293
802303
802315
802328
802347
802357
802365
802423
802429
802452
802455
802460
802479
802481
802489
802491
802493
802494
802595
802602
802606
802610
802612
802628
802639
802648
802664
802684
802694
802697
802731
802738
802761
802797
802842
802876
802887
802891
802922
802926
802943
802962
802965
802989
802994
802995
803074
803101
803103
803123
803128
803136
803149
803161
803220
803223
803230
803233
803238
803269
803305
803349
803376
803388
803416
803427
803448
803450
803456
803487
803491
803504
803507
803524
803540
803556
803579
803583
803595
803631
803633
803637
803644
803652
803655
803661
803676
803684
803707
803708
803714
803718
803724
803727
803736
803747
803753
803759
803764
803768
803777
803782
803787
803799
803815
803817
803821
803825
803839
803853
803854
803855
803890
803908
803920
803926
803952
803954
803964
804065
804106
804107
804108
804139
804146
804162
804176
804187
804194
804207
804217
804234
804254
804308
804314
804317
804330
804347
804348
804353
804356
804376
804385
804411
804446
804457
804459
804492
804503
804523
804527
804543
804561
804568
804584
804603
804615
804616
804634
804651
804659
804660
804666
804696
804737
804743
804746
804750
804769
804786
804808
804813
804816
804818
804830
804859
804897
804926
804939
804981
804991
805018
805055
805069
805118
805146
805148
805155
805167
805201
805204
805224
805235
805242
805274
805284
805314
805330
805352
805355
805369
805419
805420
805421
805430
805431
805443
805470
805478
805489
805499
805519
805522
805531
805563
805564
805568
805575
805601
805652
805655
805678
805694
805695
805725
805726
805751
805753
805755
805766
805785
805799
805803
805815
805825
805853
805854
805869
805870
805872
805880
805882
805923
805929
805935
805973
805975
805976
806000
806004
806021
806022
806027
806031
806039
806040
806048
806049
806068
806074
806098
806103
806117
806131
806140
806142
806163
806170
806207
806212
806221
806246
806251
806279
806281
806286
806287
806290
806295
806304
806306
806317
806330
806337
806357
806363
806389
806390
806411
806417
806439
806450
806471
806486
806510
806534
806536
806555
806562
806578
806582
806585
806592
806634
806642
806646
806648
806666
806674
806712
806741
806749
806753
806766
806785
806809
806815
806825
806830
806860
806863
806885
806895
806949
806965
807019
807030
807032
807059
807072
807075
807082
807085
807091
807097
807105
807131
807156
807160
807166
807184
807205
807209
807216
807218
807226
807231
807244
807257
807264
807282
807305
807324
807329
807341
807346
807350
807370
807376
807386
807396
807397
807409
807431
807436
807466
807478
807486
807492
807515
807516
807528
807561
807569
807592
807611
807622
807627
807630
807639
807643
807648
807649
807659
807677
807680
807682
807710
807715
807735
807741
807754
807806
807843
807847
807849
807858
807907
807910
807916
807925
807953
807959
808013
808014
808018
808026
808055
808074
808076
808105
808123
808190
808207
808218
808220
808234
808262
808264
808281
808284
808306
808321
808348
808351
808360
808362
808367
808368
808421
808424
808449
808472
808487
808494
808498
808501
808524
808541
808552
808557
808580
808583
808601
808607
808612
808619
808626
808634
808640
808647
808661
808688
808727
808754
808755
808761
808762
808799
808817
808822
808827
808836
808847
808878
808904
808909
808917
808918
808930
808933
808936
808938
808945
808951
808990
808996
809005
809016
809031
809101
809104
809116
809122
809155
809157
809158
809182
809197
809208
809211
809225
809235
809244
809251
809258
809263
809280
809281
809293
809325
809330
809335
809346
809359
809361
809375
809392
809403
809404
809414
809437
809442
809454
809478
809503
809546
809572
809578
809619
809650
809654
809694
809695
809696
809701
809712
809736
809750
809769
809776
809789
809801
809815
809818
809821
809826
809830
809872
809884
809891
809894
809898
809902
809904
809915
809946
809950
809953
809960
809978
809999
810072
810074
810084
810107
810114
810144
810158
810184
810198
810220
810239
810254
810276
810283
810310
810325
810328
810347
810350
810357
810364
810400
810404
810438
810440
810450
810454
810455
810469
810478
810486
810493
810532
810547
810587
810607
810642
810645
810654
810658
810694
810701
810706
810723
810758
810766
810768
810781
810792
810842
810844
810871
810876
810882
810914
810917
810949
810950
810953
810955
810961
810970
810986
810989
810991
811015
811016
811028
811035
811038
811066
811080
811081
811091
811118
811122
811124
811136
811148
811158
811162
811166
811176
811184
811200
811229
811261
811264
811288
811314
811316
811318
811320
811328
811330
811333
811343
811354
811359
811388
811391
811396
811428
811445
811481
811485
811499
811514
811517
811535
811539
811565
811574
811581
811582
811593
811597
811598
811601
811609
811629
811663
811673
811683
811684
811704
811729
811745
811751
811764
811782
811803
811810
811861
811865
811868
811869
811875
811886
811897
811908
811925
811946
811952
811954
811957
811963
811974
811976
811994
811995
812003
812044
812046
812056
812059
812066
812067
812069
812076
812095
812105
812107
812110
812132
812153
812173
812199
812211
812230
812260
812262
812268
812280
812294
812335
812336
812358
812363
812367
812376
812378
812462
812477
812497
812530
812536
812538
812546
812578
812607
812616
812620
812668
812695
812709
812719
812729
812745
812783
812787
812812
812816
812829
812841
812853
812858
812860
812861
812875
812889
812893
812895
812898
812906
812915
812941
812952
812966
812974
812975
813007
813019
813024
813041
813049
813059
813099
813120
813129
813143
813144
813147
813148
813194
813247
813260
813279
813283
813298
813313
813329
813333
813376
813394
813414
813432
813447
813454
813475
813505
813519
813524
813562
813575
813589
813622
813626
813638
813641
813656
813668
813679
813695
813721
813729
813740
813746
813751
813753
813778
813792
813826
813838
813846
813848
813855
813895
813906
813908
813953
813958
813982
814032
814043
814057
814067
814110
814119
814211
814222
814231
814250
814294
814304
814318
814326
814359
814384
814428
814434
814445
814454
814480
814487
814508
814512
814517
814537
814565
814567
814588
814601
814605
814634
814637
814653
814655
814658
814673
814691
814707
814767
814800
814804
814828
814834
814867
814868
814874
814890
814906
814930
814941
814996
815039
815044
815058
815070
815083
815122
815123
815145
815153
815157
815169
815176
815179
815183
815197
815208
815219
815232
815238
815253
815296
815303
815310
815320
815327
815346
815380
815413
815416
815420
815431
815451
815480
815489
815491
815507
815517
815545
815568
815573
815600
815626
815707
815732
815738
815742
815750
815754
815755
815759
815760
815847
815850
815882
815892
815926
815935
815945
815959
815960
816012
816022
816041
816069
816086
816112
816120
816125
816126
816129
816139
816140
816144
816170
816173
816187
816198
816210
816225
816260
816272
816282
816290
816293
816305
816319
816338
816343
816371
816381
816383
816397
816421
816428
816437
816452
816474
816476
816480
816490
816499
816517
816525
816530
816537
816540
816548
816552
816571
816575
816579
816608
816645
816667
816673
816703
816723
816766
816782
816783
816787
816800
816814
816897
816905
816906
816922
816939
816944
816948
817013
817014
817039
817044
817059
817088
817105
817127
817134
817142
817177
817178
817190
817191
817197
817220
817237
817245
817313
817319
817333
817357
817369
817377
817404
817419
817422
817431
817445
817446
817458
817477
817483
817520
817529
817538
817542
817551
817561
817591
817610
817627
817632
817635
817653
817673
817685
817690
817700
817705
817720
817722
817728
817739
817742
817743
817748
817749
817778
817804
817848
817858
817869
817872
817885
817895
817931
817947
817985
817994
818001
818007
818022
818030
818031
818049
818079
818106
818118
818131
818150
818177
818224
818265
818270
818271
818275
818287
818290
818294
818296
818315
818330
818338
818346
818366
818367
818390
818406
818421
818438
818494
818497
818515
818533
818534
818554
818556
818567
818599
818602
818608
818625
818627
818632
818636
818676
818682
818692
818697
818735
818739
818760
818763
818765
818790
818795
818803
818838
818844
818851
818853
818871
818873
818889
818891
818916
818920
818931
818944
818948
818951
818957
818958
818960
818976
819031
819049
819054
819065
819070
819091
819102
819131
819197
819217
819227
819251
819256
819285
819310
819333
819356
819364
819367
819376
819382
819388
819400
819422
819433
819468
819475
819494
819495
819506
819516
819523
819526
819536
819545
819548
819550
819643
819673
819676
819731
819761
819769
819807
819816
819839
819840
819895
819899
819906
819923
819938
819956
819988
820002
820031
820045
820054
820071
820074
820088
820093
820102
820110
820115
820122
820128
820137
820143
820177
820179
820181
820200
820203
820207
820255
820256
820268
820340
820345
820348
820353
820385
820396
820403
820421
820437
820458
820478
820523
820532
820542
820543
820550
820557
820565
820566
820579
820582
820622
820642
820648
820663
820688
820705
820725
820732
820734
820739
820741
820743
820750
820754
820767
820772
820777
820787
820796
820802
820831
820834
820841
820887
820894
820902
820907
820913
820915
820956
820980
821002
821017
821074
821079
821103
821104
821114
821118
821122
821137
821146
821173
821180
821206
821217
821228
821240
821247
821251
821254
821278
821282
821286
821303
821315
821346
821374
821378
821380
821385
821395
821415
821419
821442
821458
821471
821472
821499
821503
821505
821510
821514
821532
821536
821537
821547
821598
821608
821618
821622
821634
821663
821674
821685
821710
821714
821749
821760
821811
821821
821822
821827
821830
821834
821869
821891
821898
821914
821928
821935
821937
821938
822015
822031
822060
822107
822109
822116
822119
822135
822144
822165
822166
822169
822171
822179
822182
822215
822221
822230
822232
822238
822239
822241
822279
822323
822326
822330
822335
822341
822350
822375
822393
822396
822399
822410
822424
822425
822432
822448
822472
822473
822484
822490
822499
822524
822544
822547
822553
822554
822560
822577
822578
822604
822645
822652
822668
822669
822734
822736
822752
822787
822807
822813
822837
822840
822855
822860
822870
822895
822896
822903
822924
822928
822936
822942
822972
822978
822985
822998
823021
823035
823050
823052
823055
823068
823070
823081
823140
823159
823180
823284
823285
823296
823297
823316
823369
823374
823389
823400
823409
823431
823437
823456
823479
823487
823491
823502
823504
823516
823521
823524
823535
823557
823566
823600
823601
823616
823617
823637
823643
823661
823667
823679
823685
823745
823747
823784
823786
823790
823811
823825
823836
823863
823866
823882
823888
823906
823923
823949
823964
823984
823991
823997
824021
824027
824040
824063
824075
824090
824105
824124
824126
824148
824151
824260
824265
824278
824279
824302
824319
824375
824393
824404
824428
824443
824471
824474
824475
824479
824483
824536
824549
824561
824564
824588
824590
824599
824606
824608
824629
824650
824673
824699
824705
824743
824765
824770
824778
824783
824792
824840
824849
824863
824882
824897
824936
824949
824951
824959
824960
824986
825000
825005
825012
825028
825085
825089
825092
825172
825183
825208
825209
825227
825231
825237
825244
825250
825265
825278
825289
825299
825307
825321
825341
825346
825354
825355
825366
825373
825376
825390
825421
825422
825437
825450
825455
825495
825509
825510
825530
825561
825584
825589
825608
825694
825696
825703
825709
825720
825726
825770
825782
825798
825839
825877
825881
825882
825898
825901
825910
825935
825974
825983
825984
825989
826030
826037
826038
826039
826067
826068
826076
826103
826105
826139
826140
826143
826164
826174
826187
826194
826207
826218
826219
826222
826246
826296
826316
826355
826360
826406
826407
826412
826460
826471
826479
826510
826516
826530
826532
826535
826538
826547
826563
826569
826571
826584
826587
826599
826602
826605
826611
826614
826617
826618
826662
826666
826685
826686
826692
826740
826761
826788
826836
826840
826861
826870
826877
826880
826882
826894
826901
826916
826921
826926
826927
826947
826966
826974
827011
827014
827017
827025
827064
827065
827070
827078
827079
827084
827135
827138
827141
827178
827191
827196
827211
827218
827256
827273
827285
827292
827293
827301
827313
827325
827326
827347
827359
827398
827402
827413
827414
827442
827465
827504
827508
827535
827544
827556
827562
827565
827585
827595
827611
827621
827641
827642
827657
827659
827676
827683
827706
827720
827728
827731
827736
827737
827743
827748
827755
827761
827788
827811
827844
827846
827853
827871
827874
827878
827918
827928
827956
827983
827985
828002
828015
828023
828040
828041
828047
828050
828051
828068
828101
828102
828121
828126
828163
828176
828213
828255
828265
828266
828285
828319
828323
828335
828350
828381
828389
828410
828417
828438
828440
828441
828448
828468
828483
828496
828497
828551
828552
828614
828636
828642
828660
828672
828686
828694
828696
828739
828741
828744
828777
828819
828836
828854
828881
828883
828901
828927
828930
828947
828948
828953
828963
828971
828999
829014
829018
829024
829025
829044
829046
829058
829060
829081
829083
829098
829100
829128
829145
829154
829177
829201
829212
829225
829230
829232
829235
829236
829242
829263
829266
829278
829291
829293
829301
829310
829313
829321
829323
829327
829338
829341
829345
829349
829401
829407
829409
829440
829441
829442
829446
829448
829454
829469
829487
829499
829503
829515
829532
829544
829550
829553
829559
829566
829570
829589
829605
829641
829651
829654
829674
829675
829728
829740
829766
829770
829836
829863
829875
829884
829890
829898
829910
829911
829913
829940
829943
829951
829952
829964
829972
829979
829984
829996
830040
830050
830059
830070
830080
830095
830116
830119
830136
830137
830158
830160
830177
830211
830223
830227
830229
830277
830287
830294
830302
830311
830320
830323
830324
830383
830389
830401
830405
830417
830428
830435
830442
830464
830465
830466
830494
830498
830516
830564
830581
830609
830615
830617
830647
830656
830659
830662
830672
830680
830710
830737
830740
830764
830792
830795
830812
830817
830838
830839
830845
830850
830856
830868
830916
830936
830938
830956
830973
830986
830989
831014
831024
831030
831036
831039
831065
831067
831087
831093
831111
831116
831197
831215
831240
831257
831280
831294
831305
831307
831313
831316
831319
831324
831326
831333
831354
831357
831378
831380
831397
831405
831421
831444
831451
831457
831487
831532
831557
831574
831577
831599
831619
831634
831635
831636
831691
831704
831739
831743
831747
831760
831771
831780
831805
831806
831845
831865
831895
831910
831946
831953
831955
832004
832015
832019
832023
832043
832044
832071
832081
832094
832098
832100
832115
832118
832126
832160
832232
832252
832290
832291
832302
832305
832317
832333
832337
832356
832357
832359
832373
832376
832386
832408
832461
832478
832499
832518
832533
832538
832547
832558
832569
832583
832584
832592
832617
832639
832649
832685
832720
832726
832729
832742
832747
832792
832800
832881
832914
832926
832942
832989
833015
833023
833033
833040
833045
833049
833078
833082
833129
833155
833170
833171
833193
833197
833202
833249
833273
833275
833368
833371
833383
833398
833405
833406
833409
833422
833443
833470
833481
833484
833497
833501
833504
833514
833559
833610
833632
833636
833639
833685
833688
833723
833725
833730
833741
833743
833756
833758
833760
833778
833781
833786
833795
833810
833815
833858
833860
833866
833885
833893
833895
833908
833935
833946
833947
833955
833956
833963
833989
834041
834060
834088
834123
834135
834137
834180
834257
834333
834336
834344
834349
834360
834362
834363
834376
834377
834387
834399
834402
834411
834418
834420
834435
834444
834508
834527
834534
834542
834562
834563
834582
834584
834608
834624
834629
834646
834649
834666
834678
834691
834720
834735
834751
834759
834796
834824
834842
834861
834865
834871
834887
834909
834912
834924
834934
834954
834969
834971
835000
835007
835015
835026
835035
835049
835067
835072
835099
835116
835126
835140
835169
835170
835180
835211
835216
835220
835226
835233
835246
835255
835279
835280
835287
835302
835334
835353
835395
835416
835444
835471
835481
835482
835488
835494
835495
835505
835515
835521
835562
835582
835587
835605
835615
835620
835645
835660
835670
835676
835705
835760
835776
835807
835842
835859
835907
835910
835939
835945
835950
835965
835985
835997
836008
836043
836068
836079
836081
836091
836107
836126
836150
836152
836153
836154
836179
836246
836267
836272
836298
836328
836344
836358
836363
836367
836383
836435
836438
836478
836488
836529
836559
836580
836625
836628
836654
836660
836679
836723
836784
836818
836828
836833
836861
836865
836870
836872
836890
836902
836911
836924
836938
836949
836950
836951
836976
836984
836990
836997
836998
837002
837016
837020
837046
837057
837065
837088
837100
837104
837114
837125
837138
837141
837147
837150
837157
837162
837172
837203
837210
837224
837236
837246
837276
837281
837282
837299
837360
837361
837364
837368
837370
837377
837386
837396
837409
837443
837454
837467
837470
837501
837516
837538
837564
837573
837584
837607
837621
837638
837647
837667
837668
837699
837702
837710
837720
837725
837727
837733
837746
837781
837798
837826
837841
837862
837864
837904
837915
837930
837933
837934
837944
837984
837993
837998
838009
838017
838018
838027
838043
838054
838060
838069
838070
838084
838136
838142
838145
838152
838183
838275
838281
838285
838313
838322
838332
838333
838366
838384
838389
838403
838423
838431
838436
838449
838467
838485
838503
838545
838570
838612
838627
838631
838662
838664
838671
838673
838688
838689
838696
838703
838713
838715
838762
838770
838777
838789
838792
838803
838808
838824
838838
838839
838842
838851
838865
838881
838885
838914
838932
838952
838970
838977
838997
839033
839037
839048
839051
839082
839099
839114
839167
839190
839230
839256
839258
839293
839307
839326
839343
839372
839392
839431
839449
839488
839496
839509
839536
839538
839540
839541
839565
839574
839575
839608
839626
839628
839645
839648
839655
839658
839672
839676
839684
839704
839707
839752
839756
839779
839788
839790
839795
839797
839801
839804
839820
839821
839827
839829
839835
839860
839891
839900
839902
839911
839942
839987
839989
839991
839993
840007
840011
840028
840038
840047
840051
840062
840069
840071
840074
840105
840110
840144
840158
840165
840166
840167
840168
840173
840191
840192
840194
840218
840239
840249
840263
840273
840278
840280
840286
840294
840301
840322
840332
840336
840349
840432
840441
840443
840449
840460
840493
840551
840555
840563
840611
840628
840651
840668
840676
840722
840785
840799
840800
840813
840816
840822
840841
840855
840856
840892
840906
840914
840939
840958
840963
841010
841051
841080
841085
841101
841104
841117
841118
841119
841139
841143
841148
841149
841164
841171
841198
841211
841215
841234
841236
841245
841271
841283
841286
841309
841314
841319
841333
841336
841342
841355
841360
841377
841418
841420
841429
841445
841458
841467
841484
841493
841496
841502
841504
841523
841524
841533
841537
841578
841580
841593
841620
841658
841676
841692
841693
841697
841729
841730
841741
841763
841770
841783
841793
841797
841799
841802
841809
841816
841825
841860
841885
841926
841935
841963
841964
841988
841989
841991
842004
842021
842029
842046
842054
842062
842089
842108
842128
842130
842137
842162
842167
842207
842235
842242
842243
842244
842251
842262
842264
842306
842315
842323
842337
842357
842361
842366
842378
842387
842388
842397
842398
842419
842425
842471
842515
842517
842521
842524
842537
842540
842566
842571
842583
842585
842586
842642
842657
842663
842675
842706
842708
842710
842715
842771
842783
842784
842794
842795
842805
842835
842848
842873
842903
842935
842937
842951
842954
842966
842970
842974
842998
843004
843016
843052
843054
843058
843090
843095
843107
843140
843171
843178
843185
843201
843216
843219
843244
843259
843322
843335
843352
843357
843358
843366
843387
843389
843419
843423
843431
843448
843449
843452
843468
843471
843477
843505
843506
843516
843555
843556
843579
843610
843617
843620
843626
843643
843649
843678
843684
843715
843717
843721
843729
843733
843745
843747
843791
843800
843804
843821
843837
843842
843857
843880
843890
843902
843921
843983
844006
844017
844058
844075
844088
844109
844136
844148
844158
844164
844182
844193
844218
844234
844235
844243
844253
844254
844258
844282
844298
844315
844332
844371
844373
844375
844386
844387
844399
844404
844412
844431
844448
844449
844460
844491
844503
844513
844524
844534
844543
844548
844551
844555
844589
844601
844606
844618
844625
844629
844633
844639
844684
844709
844717
844753
844772
844775
844791
844838
844841
844855
844863
844865
844891
844908
844951
844956
844963
844968
844980
844997
844998
845029
845032
845043
845064
845074
845082
845088
845093
845099
845110
845119
845126
845153
845171
845177
845178
845181
845192
845206
845259
845271
845277
845295
845319
845321
845336
845356
845361
845368
845380
845398
845427
845452
845456
845480
845498
845533
845534
845576
845582
845596
845601
845612
845613
845626
845650
845653
845663
845695
845698
845716
845743
845746
845749
845771
845777
845825
845842
845855
845860
845872
845878
845894
845925
845931
845941
845948
845949
845950
845984
846017
846031
846035
846037
846047
846048
846069
846121
846154
846169
846192
846203
846222
846245
846251
846267
846292
846301
846307
846308
846314
846338
846366
846397
846404
846440
846457
846482
846484
846497
846502
846527
846528
846529
846628
846638
846653
846659
846708
846728
846741
846754
846760
846773
846787
846789
846802
846808
846817
846819
846835
846847
846848
846881
846886
846888
846897
846902
846907
846916
846940
846968
846971
846981
846992
847000
847004
847005
847006
847016
847036
847070
847113
847126
847142
847152
847157
847160
847171
847191
847204
847231
847249
847258
847286
847292
847320
847323
847349
847351
847354
847368
847371
847373
847395
847406
847419
847422
847423
847431
847433
847440
847443
847450
847476
847480
847535
847542
847552
847569
847572
847612
847643
847657
847665
847690
847736
847741
847743
847754
847827
847852
847862
847885
847905
847912
847923
847943
847947
847995
848023
848032
848034
848040
848055
848059
848065
848072
848108
848129
848145
848201
848209
848216
848222
848245
848261
848262
848268
848305
848377
848385
848400
848439
848450
848468
848488
848492
848497
848502
848510
848521
848530
848551
848563
848566
848586
848590
848594
848602
848617
848641
848647
848682
848683
848714
848760
848765
848772
848789
848803
848811
848818
848820
848853
848867
848872
848893
848895
848896
848912
848925
848931
848942
848945
848953
848960
848967
848985
848986
849026
849029
849036
849058
849065
849066
849073
849110
849139
849147
849168
849171
849174
849211
849213
849249
849278
849295
849317
849323
849328
849409
849458
849477
849499
849502
849511
849518
849543
849556
849581
849624
849645
849647
849661
849676
849695
849703
849709
849714
849716
849717
849719
849750
849756
849785
849792
849814
849823
849854
849864
849866
849869
849911
849916
849922
849969
849970
849992
849996
849999
850002
850015
850023
850030
850035
850054
850065
850072
850073
850075
850079
850080
850111
850120
850130
850137
850161
850167
850180
850199
850209
850211
850214
850231
850236
850265
850270
850273
850277
850279
850329
850339
850358
850367
850370
850378
850380
850388
850395
850450
850451
850456
850473
850476
850496
850508
850544
850560
850573
850597
850602
850609
850629
850646
850657
850674
850676
850681
850687
850729
850735
850754
850774
850818
850825
850850
850866
850906
850940
850943
850945
850948
850952
850953
850958
850967
850973
850985
850988
850997
851025
851026
851027
851073
851077
851122
851151
851183
851189
851230
851231
851241
851256
851257
851271
851273
851285
851296
851317
851324
851326
851335
851339
851345
851348
851353
851371
851385
851396
851440
851442
851459
851461
851468
851492
851494
851501
851529
851554
851555
851563
851576
851582
851589
851592
851714
851716
851717
851720
851749
851768
851770
851771
851779
851804
851840
851913
851921
851937
851939
851954
851962
851992
852021
852048
852051
852080
852089
852104
852117
852149
852151
852152
852166
852197
852210
852211
852231
852239
852260
852270
852273
852300
852323
852366
852391
852404
852412
852418
852429
852454
852472
852476
852483
852489
852536
852540
852554
852571
852587
852667
852671
852690
852820
852822
852828
852839
852849
852877
852888
852906
852916
852925
852930
852933
852946
852998
853003
853004
853009
853014
853016
853037
853040
853051
853081
853108
853124
853167
853174
853177
853181
853215
853221
853251
853258
853266
853294
853327
853350
853373
853472
853488
853514
853518
853522
853547
853572
853598
853606
853628
853633
853640
853641
853643
853656
853672
853675
853689
853691
853700
853701
853705
853720
853724
853726
853728
853754
853788
853789
853794
853797
853817
853873
853891
853899
853943
853959
853972
853989
853996
854002
854013
854028
854050
854052
854057
854071
854084
854144
854149
854158
854168
854180
854186
854225
854230
854231
854250
854254
854257
854279
854284
854285
854306
854313
854336
854344
854383
854385
854442
854451
854454
854485
854491
854492
854496
854503
854505
854515
854539
854550
854628
854653
854660
854663
854665
854684
854716
854718
854752
854766
854772
854827
854839
854840
854866
854869
854871
854876
854899
854906
854917
854918
854927
854938
854941
854944
854963
854964
855014
855027
855058
855073
855081
855096
855099
855128
855130
855141
855148
855153
855156
855172
855195
855200
855216
855259
855275
855300
855302
855320
855363
855371
855384
855454
855463
855503
855510
855529
855542
855587
855592
855595
855613
855616
855622
855629
855631
855643
855673
855674
855677
855686
855695
855696
855701
855706
855718
855727
855746
855748
855758
855784
855799
855817
855821
855842
855843
855893
855906
855913
855922
855937
855945
855955
855958
855976
855978
856014
856016
856035
856044
856091
856101
856125
856132
856160
856167
856181
856236
856258
856295
856298
856305
856311
856320
856342
856347
856349
856416
856459
856479
856513
856535
856542
856580
856581
856590
856598
856606
856609
856616
856637
856664
856697
856723
856733
856745
856755
856758
856782
856807
856811
856843
856866
856879
856892
856913
856915
856917
856931
856933
856939
856950
856964
856993
856999
857024
857029
857035
857044
857045
857064
857098
857148
857185
857202
857218
857221
857258
857260
857274
857281
857318
857328
857338
857363
857383
857392
857410
857413
857422
857424
857435
857451
857490
857499
857502
857521
857549
857552
857582
857589
857606
857624
857630
857663
857688
857693
857699
857705
857724
857728
857729
857739
857749
857752
857765
857800
857827
857867
857883
857900
857908
857919
857925
857941
857945
857969
857970
857989
857990
858019
858034
858046
858060
858071
858076
858082
858098
858124
858160
858172
858181
858183
858186
858233
858238
858246
858270
858271
858279
858293
858299
858303
858306
858350
858368
858391
858402
858404
858405
858432
858446
858459
858468
858471
858478
858497
858498
858533
858539
858543
858583
858584
858601
858606
858614
858638
858657
858659
858671
858683
858690
858703
858714
858734
858735
858787
858801
858805
858814
858845
858858
858885
858904
858906
858912
858930
858937
858943
858973
858976
858984
858993
858994
858996
859004
859014
859015
859029
859036
859042
859060
859075
859092
859094
859109
859125
859164
859189
859202
859203
859217
859231
859233
859240
859252
859273
859301
859307
859310
859312
859315
859324
859330
859338
859377
859379
859382
859423
859424
859442
859483
859488
859536
859552
859554
859556
859575
859596
859633
859649
859652
859671
859681
859711
859720
859745
859774
859806
859818
859837
859851
859871
859900
859937
859961
859994
860010
860020
860039
860053
860058
860065
860066
860067
860069
860093
860104
860109
860138
860177
860180
860188
860190
860200
860231
860245
860257
860292
860313
860327
860328
860333
860337
860437
860466
860472
860478
860487
860491
860501
860502
860520
860547
860554
860571
860586
860590
860591
860598
860599
860604
860621
860627
860657
860670
860710
860736
860748
860756
860759
860766
860773
860790
860817
860830
860872
860893
860894
860915
860918
860992
860993
861004
861006
861022
861025
861033
861036
861045
861047
861070
861074
861076
861117
861157
861162
861169
861181
861200
861202
861211
861215
861223
861255
861273
861281
861297
861305
861318
861322
861323
861328
861339
861354
861362
861378
861399
861402
861403
861409
861424
861439
861460
861480
861484
861486
861598
861611
861612
861619
861623
861638
861662
861674
861706
861711
861712
861715
861723
861735
861737
861738
861740
861748
861773
861787
861801
861813
861851
861855
861857
861890
861892
861899
861933
861934
861941
861948
861950
861957
861986
862022
862029
862045
862055
862057
862078
862083
862103
862121
862136
862143
862152
862163
862176
862192
862196
862203
862226
862298
862322
862358
862369
862406
862459
862498
862505
862518
862537
862541
862600
862603
862633
862665
862668
862684
862686
862720
862730
862757
862758
862777
862784
862792
862807
862809
862873
862877
862893
862934
862957
862958
862963
862970
862975
862991
862993
862998
863008
863045
863062
863081
863088
863131
863136
863139
863149
863154
863155
863174
863232
863266
863268
863269
863301
863303
863315
863330
863333
863337
863356
863361
863367
863368
863376
863397
863433
863436
863441
863469
863480
863516
863528
863533
863554
863556
863568
863578
863583
863584
863590
863615
863667
863675
863679
863683
863688
863776
863787
863802
863804
863818
863824
863841
863843
863869
863877
863899
863920
863924
863944
863969
864023
864035
864052
864076
864079
864086
864095
864107
864110
864121
864123
864131
864134
864144
864149
864162
864183
864192
864200
864220
864244
864248
864255
864258
864266
864267
864268
864274
864281
864282
864314
864344
864371
864372
864382
864383
864387
864408
864423
864458
864460
864469
864475
864490
864498
864499
864506
864513
864519
864528
864530
864567
864589
864603
864605
864614
864616
864627
864633
864634
864647
864667
864729
864734
864749
864781
864787
864810
864831
864842
864867
864878
864884
864899
864902
864904
864905
864910
864911
864928
864929
864931
864960
864977
864981
864992
865006
865030
865057
865072
865081
865086
865090
865106
865121
865145
865166
865178
865211
865231
865240
865246
865250
865258
865259
865264
865297
865298
865307
865336
865358
865359
865380
865429
865456
865479
865487
865515
865524
865528
865550
865555
865558
865576
865583
865584
865586
865592
865597
865605
865611
865651
865669
865671
865694
865705
865714
865722
865725
865727
865745
865747
865748
865765
865770
865773
865790
865792
865835
865842
865899
865904
865907
865924
865943
865948
865958
865967
865978
865979
865986
865987
865989
866002
866034
866044
866053
866057
866091
866100
866129
866131
866143
866145
866153
866162
866178
866209
866231
866240
866245
866265
866293
866296
866314
866331
866339
866345
866356
866367
866381
866408
866448
866455
866475
866494
866500
866504
866519
866525
866553
866573
866582
866601
866629
866637
866639
866643
866654
866672
866694
866701
866735
866752
866775
866809
866815
866833
866839
866876
866932
866972
866973
866990
866998
867041
867050
867054
867124
867131
867134
867187
867232
867234
867235
867245
867254
867266
867271
867293
867310
867326
867343
867347
867400
867430
867454
867455
867514
867523
867525
867529
867541
867590
867597
867600
867601
867626
867630
867639
867661
867663
867668
867697
867699
867707
867718
867729
867748
867756
867789
867811
867840
867848
867858
867869
867902
867906
867917
867936
867946
867951
867960
867965
867970
867977
867997
868002
868021
868040
868069
868095
868105
868111
868135
868161
868184
868190
868207
868224
868242
868301
868314
868316
868355
868381
868413
868436
868438
868448
868487
868501
868510
868515
868526
868537
868583
868630
868648
868661
868686
868689
868702
868724
868733
868742
868743
868747
868755
868815
868817
868818
868835
868846
868847
868880
868921
868935
868951
868986
869051
869091
869100
869101
869124
869136
869177
869207
869235
869273
869291
869304
869317
869336
869367
869392
869406
869419
869434
869454
869464
869466
869468
869473
869499
869509
869514
869531
869532
869584
869599
869617
869634
869645
869665
869684
869720
869724
869743
869756
869794
869809
869822
869839
869845
869850
869869
869884
869901
869932
869935
869938
869995
870019
870034
870063
870105
870108
870117
870143
870150
870199
870216
870219
870222
870224
870233
870261
870268
870273
870326
870338
870344
870358
870385
870393
870414
870435
870437
870449
870485
870496
870508
870522
870539
870602
870612
870633
870659
870673
870685
870708
870713
870719
870723
870724
870732
870733
870738
870747
870760
870772
870808
870809
870826
870858
870865
870866
870878
870884
870889
870899
870901
870920
870922
870942
870951
870955
870956
870970
870977
871012
871019
871031
871037
871039
871049
871069
871087
871116
871121
871130
871156
871181
871196
871212
871214
871222
871234
871243
871261
871265
871271
871291
871323
871331
871339
871372
871387
871406
871420
871426
871469
871494
871497
871514
871523
871541
871546
871570
871582
871610
871613
871632
871636
871663
871672
871675
871691
871701
871717
871722
871729
871742
871753
871760
871869
871878
871881
871883
871904
871924
871925
871950
871957
871972
871975
871995
872023
872032
872036
872083
872092
872105
872128
872140
872166
872176
872181
872196
872207
872214
872281
872286
872348
872349
872362
872379
872405
872416
872426
872428
872439
872456
872514
872533
872589
872591
872594
872611
872623
872647
872649
872724
872766
872769
872777
872792
872804
872806
872807
872808
872814
872821
872833
872839
872866
872881
872887
872905
872956
872980
873036
873043
873049
873052
873056
873060
873084
873088
873100
873101
873121
873127
873138
873149
873162
873197
873213
873220
873229
873245
873272
873314
873319
873344
873360
873362
873371
873416
873430
873432
873464
873487
873505
873510
873511
873519
873553
873567
873588
873590
873610
873632
873647
873652
873672
873688
873690
873715
873725
873741
873744
873757
873760
873764
873782
873784
873828
873839
873840
873846
873852
873864
873866
873872
873877
873903
873905
873912
873914
873932
873944
873948
873962
873969
873973
873995
874021
874023
874025
874040
874056
874079
874101
874106
874128
874134
874162
874164
874176
874193
874216
874239
874256
874286
874288
874305
874307
874317
874334
874338
874339
874349
874354
874359
874395
874404
874406
874412
874420
874445
874480
874482
874490
874497
874503
874519
874523
874537
874560
874587
874596
874613
874630
874639
874642
874644
874651
874657
874675
874701
874705
874721
874749
874786
874814
874837
874934
874944
874950
874961
875017
875024
875055
875070
875111
875127
875138
875155
875169
875174
875183
875193
875198
875212
875253
875259
875260
875264
875293
875296
875333
875335
875341
875358
875364
875366
875368
875372
875405
875408
875411
875481
875485
875490
875492
875545
875571
875577
875579
875600
875629
875641
875653
875662
875688
875700
875717
875730
875767
875768
875802
875848
875854
875876
875902
875915
875920
875941
875955
875961
875972
875985
875996
876007
876012
876013
876031
876049
876067
876074
876085
876088
876113
876115
876125
876130
876163
876173
876181
876182
876205
876234
876245
876252
876261
876263
876266
876299
876334
876346
876363
876384
876400
876465
876474
876479
876486
876504
876505
876526
876600
876616
876620
876626
876634
876639
876647
876668
876686
876714
876726
876729
876732
876741
876800
876802
876808
876831
876833
876834
876857
876860
876878
876920
876935
876952
876955
876959
876965
876977
876989
877006
877009
877015
877025
877039
877046
877073
877081
877091
877096
877134
877139
877142
877177
877185
877265
877282
877297
877303
877305
877321
877327
877331
877398
877404
877425
877448
877455
877460
877475
877478
877504
877520
877600
877606
877618
877622
877628
877654
877660
877678
877693
877696
877708
877716
877768
877791
877793
877804
877806
877828
877865
877867
877872
877879
877894
877907
877909
877924
877930
877945
877961
877968
877991
878001
878013
878019
878029
878038
878051
878061
878098
878119
878132
878159
878177
878186
878188
878194
878199
878219
878239
878260
878265
878288
878295
878298
878308
878323
878326
878337
878340
878348
878360
878364
878368
878376
878398
878404
878423
878440
878462
878464
878500
878516
878523
878531
878544
878564
878565
878572
878590
878593
878597
878631
878639
878641
878656
878668
878676
878686
878694
878706
878717
878738
878753
878765
878802
878804
878820
878824
878825
878826
878835
878851
878854
878870
878874
878883
878899
878905
878914
878920
878921
878922
878947
878967
878979
878997
879008
879010
879015
879021
879025
879037
879040
879043
879050
879058
879069
879071
879074
879124
879132
879145
879148
879200
879209
879211
879221
879253
879256
879284
879329
879338
879354
879362
879364
879365
879377
879378
879390
879394
879404
879409
879411
879433
879455
879464
879481
879497
879502
879537
879540
879544
879564
879585
879591
879592
879607
879608
879626
879632
879640
879666
879675
879677
879708
879710
879721
879732
879733
879758
879764
879775
879776
879788
879819
879823
879836
879885
879898
879902
879909
879911
879913
879937
879939
879946
879947
879998
880009
880019
880039
880054
880064
880069
880099
880107
880140
880167
880189
880192
880195
880199
880204
880206
880218
880227
880231
880260
880293
880342
880355
880357
880378
880394
880434
880479
880501
880511
880514
880539
880547
880548
880555
880573
880616
880619
880627
880628
880638
880644
880660
880679
880686
880700
880703
880706
880733
880741
880758
880766
880768
880781
880804
880819
880821
880834
880865
880892
880901
880909
880934
880953
880962
880973
880982
880993
880995
881016
881033
881079
881087
881123
881129
881143
881169
881182
881183
881196
881203
881237
881240
881255
881267
881279
881287
881299
881312
881317
881322
881324
881335
881376
881407
881444
881473
881483
881488
881490
881510
881512
881513
881515
881527
881533
881550
881551
881567
881621
881641
881654
881669
881674
881681
881688
881724
881732
881737
881738
881743
881746
881756
881777
881787
881792
881811
881812
881815
881863
881870
881907
881910
881919
881925
881926
881934
881958
881971
882006
882017
882030
882056
882063
882072
882081
882093
882136
882147
882204
882205
882238
882244
882261
882284
882286
882296
882303
882304
882321
882356
882366
882378
882405
882432
882433
882440
882492
882496
882503
882504
882506
882516
882517
882531
882540
882551
882562
882566
882579
882602
882628
882643
882691
882732
882751
882767
882772
882773
882774
882775
882787
882812
882879
882884
882887
882924
882942
882954
882968
882995
883039
883066
883090
883091
883093
883110
883121
883158
883160
883170
883172
883257
883258
883261
883271
883278
883301
883323
883325
883331
883332
883341
883368
883375
883383
883411
883420
883467
883483
883485
883489
883491
883532
883570
883602
883645
883667
883690
883695
883697
883707
883729
883751
883778
883782
883814
883815
883820
883834
883872
883874
883881
883910
883911
883919
883935
883937
883961
883973
883977
884015
884020
884028
884046
884061
884070
884082
884105
884109
884126
884174
884175
884182
884184
884216
884217
884218
884229
884231
884232
884236
884242
884255
884272
884283
884289
884315
884338
884339
884347
884356
884380
884396
884402
884413
884431
884439
884441
884450
884474
884492
884496
884506
884508
884531
884563
884565
884574
884583
884598
884601
884610
884628
884642
884653
884714
884838
884853
884858
884860
884880
884881
884883
884885
884889
884895
884917
884928
884936
884953
884980
885014
885036
885065
885101
885109
885137
885140
885167
885200
885221
885222
885237
885248
885257
885259
885282
885306
885322
885336
885342
885353
885362
885375
885413
885448
885478
885512
885532
885542
885552
885575
885579
885581
885599
885609
885616
885623
885624
885639
885647
885651
885660
885704
885741
885753
885764
885769
885777
885826
885836
885853
885929
885945
885979
885984
885988
886002
886013
886037
886042
886046
886052
886057
886065
886072
886075
886091
886094
886119
886127
886130
886164
886170
886186
886194
886214
886215
886303
886304
886322
886355
886371
886435
886438
886442
886474
886508
886512
886517
886520
886548
886559
886587
886590
886610
886621
886627
886629
886636
886638
886645
886668
886671
886690
886709
886713
886715
886753
886772
886802
886810
886823
886825
886832
886836
886844
886858
886892
886927
886945
886957
886996
887001
887038
887040
887052
887058
887061
887069
887070
887107
887117
887119
887129
887223
887250
887267
887277
887291
887292
887301
887309
887318
887331
887353
887359
887375
887378
887379
887395
887402
887418
887426
887436
887438
887439
887445
887446
887463
887545
887559
887586
887598
887609
887618
887628
887634
887635
887648
887650
887687
887719
887724
887727
887757
887764
887798
887844
887852
887854
887881
887888
887895
887910
887935
887954
888003
888033
888038
888100
888103
888107
888112
888155
888163
888170
888238
888245
888282
888294
888306
888311
888357
888360
888380
888436
888452
888502
888529
888531
888534
888537
888542
888560
888591
888603
888609
888610
888615
888629
888690
888705
888709
888735
888736
888743
888785
888796
888803
888821
888827
888828
888847
888860
888863
888866
888892
888917
888939
888954
889019
889030
889032
889039
889064
889108
889122
889135
889157
889158
889161
889201
889219
889225
889245
889247
889257
889304
889309
889313
889317
889335
889337
889345
889367
889369
889379
889384
889407
889430
889448
889452
889470
889496
889508
889541
889556
889574
889576
889601
889628
889645
889649
889653
889660
889661
889672
889681
889694
889702
889714
889743
889768
889785
889794
889802
889820
889841
889851
889854
889858
889863
889876
889903
889912
889915
889929
889939
889941
889959
890008
890010
890066
890087
890105
890124
890147
890159
890160
890165
890199
890211
890231
890279
890285
890318
890327
890358
890360
890361
890362
890369
890378
890383
890415
890452
890482
890491
890517
890518
890525
890535
890548
890559
890577
890597
890602
890606
890608
890621
890634
890641
890652
890676
890689
890697
890707
890712
890723
890763
890774
890788
890808
890839
890847
890851
890882
890889
890892
890898
890921
890947
890962
891008
891036
891063
891086
891093
891095
891122
891129
891145
891199
891233
891265
891279
891286
891301
891313
891319
891342
891376
891379
891396
891429
891460
891473
891474
891506
891520
891530
891535
891540
891551
891579
891597
891607
891610
891662
891670
891693
891705
891726
891768
891779
891838
891876
891888
891903
891908
891922
891926
891927
891961
891983
891984
892029
892066
892069
892094
892097
892135
892136
892137
892154
892164
892168
892169
892180
892205
892206
892227
892229
892247
892270
892273
892304
892307
892313
892330
892340
892355
892382
892443
892453
892455
892456
892469
892475
892476
892498
892507
892529
892532
892533
892545
892550
892551
892555
892557
892577
892582
892590
892648
892655
892670
892700
892716
892775
892776
892795
892838
892841
892849
892855
892862
892883
892889
892901
892904
892924
892926
892947
892973
892985
893010
893011
893022
893038
893048
893063
893064
893076
893085
893087
893088
893094
893100
893172
893173
893187
893209
893210
893224
893226
893231
893234
893249
893291
893341
893353
893367
893376
893396
893401
893423
893437
893451
893455
893495
893500
893514
893515
893560
893594
893605
893620
893652
893653
893659
893660
893677
893706
893708
893714
893717
893736
893740
893755
893768
893799
893855
893863
893904
893933
893937
893973
893990
893995
894029
894043
894090
894092
894114
894127
894145
894146
894154
894156
894160
894169
894195
894196
894206
894233
894237
894251
894267
894288
894293
894347
894382
894389
894390
894413
894447
894478
894488
894492
894496
894549
894557
894575
894605
894609
894610
894612
894625
894635
894639
894645
894689
894704
894736
894755
894772
894784
894803
894804
894811
894820
894858
894860
894877
894888
894889
894910
894931
894938
894974
894985
895010
895063
895106
895107
895125
895137
895149
895170
895173
895177
895199
895229
895233
895300
895341
895374
895378
895403
895425
895431
895440
895469
895497
895515
895532
895543
895560
895565
895589
895614
895718
895729
895737
895741
895786
895830
895835
895841
895843
895846
895878
895884
895892
895922
895929
895934
895960
895977
895996
896000
896010
896016
896033
896036
896039
896053
896058
896082
896108
896117
896118
896120
896126
896152
896183
896212
896213
896218
896234
896247
896249
896255
896265
896271
896287
896323
896345
896349
896356
896365
896367
896373
896397
896414
896448
896473
896519
896540
896541
896554
896618
896634
896680
896686
896687
896695
896703
896711
896718
896726
896764
896826
896834
896835
896860
896862
896872
896876
896884
896897
896908
896914
896931
896937
896943
896954
896982
896994
897022
897028
897079
897088
897100
897118
897134
897144
897151
897154
897189
897203
897250
897252
897265
897307
897336
897346
897373
897387
897389
897394
897413
897415
897426
897453
897499
897505
897519
897529
897559
897582
897596
897603
897615
897631
897648
897655
897675
897678
897689
897697
897701
897703
897730
897735
897766
897768
897790
897805
897812
897813
897834
897873
897884
897891
897907
897914
897924
897931
897939
897944
897968
898010
898051
898075
898089
898102
898110
898137
898145
898160
898164
898195
898198
898210
898223
898226
898228
898239
898259
898287
898310
898320
898334
898342
898344
898362
898364
898365
898379
898390
898391
898418
898427
898449
898450
898468
898500
898518
898545
898556
898588
898608
898619
898641
898644
898658
898663
898695
898733
898735
898745
898749
898753
898758
898765
898798
898808
898816
898841
898857
898875
898907
898909
898940
898944
898950
899013
899043
899046
899069
899072
899128
899144
899152
899154
899164
899165
899176
899179
899203
899237
899241
899242
899248
899258
899302
899303
899334
899344
899346
899351
899381
899389
899400
899406
899427
899435
899464
899474
899491
899502
899519
899530
899546
899552
899572
899591
899593
899604
899632
899636
899675
899714
899726
899728
899739
899756
899761
899765
899787
899788
899791
899804
899814
899816
899892
899896
899903
899906
899932
899958
899959
899963
899969
