200010
200017
200022
200027
200029
200034
200044
200047
200057
200091
200112
200114
200137
200140
200169
200173
200184
200197
200221
200225
200245
200257
200298
200310
200327
200330
200366
200367
200383
200389
200395
200405
200410
200413
200452
200471
200482
200483
200503
200517
200519
200526
200531
200547
200553
200574
200589
200595
200599
200611
200650
200655
200659
200660
200668
200689
200699
200722
200724
200731
200741
200749
200790
200801
200831
200840
200843
200876
200881
200893
200909
200910
200932
200956
200979
201011
201034
201037
201046
201068
201079
201087
201100
201101
201114
201119
201133
201148
201198
201214
201231
201242
201246
201285
201289
201293
201298
201300
201314
201322
201333
201335
201365
201368
201411
201413
201446
201460
201467
201501
201516
201525
201527
201535
201536
201548
201573
201579
201581
201583
201587
201603
201606
201642
201689
201703
201718
201764
201776
201789
201801
201806
201809
201839
201852
201874
201891
201911
201914
201921
201949
201956
201975
201991
201997
202001
202006
202009
202030
202034
202048
202090
202093
202113
202124
202139
202140
202147
202161
202226
202237
202243
202246
202250
202262
202287
202314
202316
202328
202333
202369
202424
202428
202444
202468
202476
202479
202488
202502
202522
202609
202610
202613
202636
202646
202655
202661
202663
202672
202688
202689
202694
202710
202730
202740
202770
202788
202840
202841
202852
202863
202880
202890
202898
202903
202914
202924
202932
202943
202946
202948
202952
202953
202984
202988
203010
203026
203035
203049
203054
203063
203065
203121
203131
203166
203174
203206
203210
203223
203236
203275
203278
203280
203293
203304
203306
203319
203323
203365
203388
203392
203418
203433
203436
203438
203439
203464
203478
203480
203528
203532
203546
203571
203576
203594
203623
203626
203638
203648
203655
203658
203672
203677
203701
203706
203707
203711
203730
203736
203746
203748
203762
203796
203814
203820
203829
203858
203860
203887
203892
203897
203925
203964
203969
203982
204015
204020
204024
204026
204050
204051
204053
204071
204073
204120
204152
204156
204167
204170
204175
204192
204216
204251
204252
204253
204258
204289
204315
204316
204336
204338
204389
204431
204434
204467
204471
204478
204513
204520
204526
204527
204537
204546
204571
204577
204589
204591
204609
204610
204634
204645
204656
204676
204698
204714
204719
204724
204756
204764
204771
204788
204809
204848
204849
204859
204897
204907
204910
204918
204959
204967
204972
204982
204992
204993
204998
205013
205015
205024
205037
205043
205053
205058
205064
205075
205079
205087
205088
205095
205101
205103
205104
205120
205121
205159
205165
205169
205210
205219
205226
205235
205239
205247
205256
205261
205263
205274
205280
205291
205312
205318
205321
205363
205408
205432
205451
205457
205475
205499
205501
205525
205529
205541
205555
205572
205582
205589
205600
205605
205650
205658
205677
205682
205701
205711
205718
205727
205741
205745
205747
205781
205789
205829
205845
205849
205877
205881
205928
205934
205939
205948
205962
205997
206009
206012
206013
206015
206017
206020
206025
206035
206041
206068
206081
206085
206121
206142
206152
206188
206205
206222
206223
206224
206248
206256
206258
206263
206266
206272
206275
206278
206301
206313
206315
206330
206382
206391
206400
206430
206434
206455
206461
206475
206489
206509
206510
206512
206514
206518
206523
206537
206541
206545
206567
206579
206586
206599
206614
206624
206642
206647
206660
206676
206697
206755
206769
206777
206790
206807
206829
206859
206864
206874
206897
206920
206966
207010
207011
207014
207025
207030
207060
207107
207112
207118
207124
207129
207139
207178
207188
207205
207227
207242
207249
207269
207275
207276
207290
207292
207298
207318
207337
207347
207357
207369
207371
207372
207375
207376
207405
207408
207471
207493
207495
207589
207619
207631
207640
207666
207667
207679
207682
207734
207738
207758
207773
207798
207806
207818
207866
207872
207877
207882
207883
207914
207938
207952
207955
207972
207975
208027
208029
208046
208069
208073
208080
208081
208090
208093
208099
208117
208120
208153
208162
208167
208194
208196
208197
208201
208284
208293
208300
208304
208306
208309
208320
208322
208323
208332
208357
208374
208381
208388
208394
208397
208417
208431
208435
208469
208474
208508
208521
208529
208555
208563
208596
208614
208628
208631
208635
208659
208663
208664
208686
208697
208708
208750
208763
208770
208787
208792
208805
208811
208822
208838
208852
208887
208889
208903
208923
208927
208929
208932
208946
208949
208979
209001
209064
209065
209075
209097
209112
209125
209138
209140
209150
209154
209192
209196
209210
209225
209240
209265
209273
209275
209291
209317
209321
209354
209401
209405
209407
209409
209411
209434
209456
209457
209473
209486
209493
209529
209536
209575
209601
209611
209612
209615
209618
209641
209647
209652
209657
209681
209686
209691
209734
209789
209806
209813
209819
209823
209826
209834
209841
209844
209846
209849
209850
209858
209859
209877
209880
209887
209902
209908
209914
209934
209936
209957
209965
209984
209986
209994
209998
210003
210019
210020
210027
210032
210045
210081
210094
210108
210143
210148
210179
210212
210215
210228
210232
210243
210247
210249
210260
210270
210278
210366
210372
210377
210378
210388
210392
210401
210409
210430
210435
210452
210465
210467
210497
210562
210574
210583
210591
210656
210671
210698
210703
210715
210721
210745
210756
210760
210776
210789
210803
210845
210860
210883
210898
210901
210907
210922
210930
210950
210967
210972
210992
210994
210995
211003
211007
211031
211039
211061
211077
211113
211143
211194
211220
211249
211269
211272
211275
211292
211294
211311
211322
211325
211334
211335
211350
211358
211370
211404
211413
211437
211440
211459
211484
211504
211552
211561
211585
211587
211598
211602
211603
211608
211621
211628
211641
211643
211652
211666
211676
211677
211681
211719
211727
211738
211744
211745
211760
211770
211774
211777
211793
211794
211801
211803
211827
211844
211851
211857
211883
211895
211908
211942
211947
211948
211955
211966
211972
211973
211988
211990
212017
212018
212022
212039
212062
212073
212075
212091
212123
212141
212151
212161
212169
212177
212179
212204
212229
212232
212235
212239
212271
212285
212288
212293
212302
212391
212398
212399
212404
212409
212448
212461
212462
212474
212487
212494
212497
212506
212528
212533
212535
212559
212585
212595
212601
212610
212652
212662
212720
212734
212749
212795
212827
212849
212879
212886
212895
212911
212925
212980
212984
213009
213021
213047
213112
213118
213122
213134
213153
213163
213171
213187
213190
213192
213201
213239
213286
213292
213295
213312
213331
213418
213431
213434
213439
213446
213477
213511
213514
213557
213567
213581
213602
213606
213622
213633
213656
213660
213702
213711
213714
213715
213716
213718
213727
213732
213733
213743
213747
213757
213765
213767
213773
213840
213863
213874
213881
213921
213936
213944
213949
213980
214007
214021
214038
214046
214060
214067
214076
214090
214094
214108
214113
214144
214148
214165
214187
214250
214251
214317
214345
214366
214376
214387
214392
214474
214481
214539
214554
214566
214577
214605
214624
214626
214639
214651
214656
214705
214708
214711
214717
214718
214726
214743
214751
214780
214790
214805
214809
214818
214831
214833
214851
214859
214862
214865
214878
214884
214892
214924
214927
214933
214941
214950
214955
214965
214969
214976
214991
215006
215017
215019
215067
215075
215082
215084
215101
215102
215108
215112
215129
215152
215163
215181
215184
215191
215200
215204
215225
215227
215231
215253
215268
215271
215276
215291
215292
215297
215317
215318
215332
215333
215353
215362
215366
215390
215406
215422
215424
215427
215439
215444
215451
215456
215463
215476
215499
215530
215537
215549
215581
215613
215614
215635
215640
215645
215724
215730
215734
215735
215743
215753
215766
215773
215779
215828
215858
215919
215947
215986
215989
216021
216032
216055
216068
216077
216078
216090
216107
216111
216113
216129
216157
216165
216168
216169
216170
216182
216204
216217
216224
216226
216248
216270
216303
216305
216306
216326
216327
216339
216343
216358
216367
216372
216373
216389
216436
216443
216448
216483
216492
216493
216501
216567
216570
216599
216604
216613
216614
216615
216622
216630
216637
216671
216672
216676
216687
216706
216709
216716
216727
216743
216745
216754
216763
216766
216773
216785
216816
216827
216842
216874
216881
216888
216929
216935
216940
216943
216985
216988
216991
216997
217000
217003
217011
217034
217045
217046
217047
217048
217049
217056
217072
217132
217142
217153
217161
217169
217179
217194
217199
217289
217293
217311
217327
217340
217354
217398
217444
217454
217477
217496
217502
217532
217602
217618
217619
217644
217677
217695
217697
217735
217740
217752
217760
217762
217764
217765
217771
217779
217795
217804
217805
217809
217814
217826
217832
217834
217836
217841
217843
217856
217874
217877
217905
217913
217914
217915
217931
217936
217954
217966
217984
217989
217991
218043
218055
218078
218082
218133
218136
218139
218173
218190
218236
218238
218268
218269
218281
218299
218318
218325
218334
218375
218377
218381
218391
218446
218449
218483
218493
218509
218518
218541
218549
218550
218573
218582
218583
218587
218594
218616
218625
218634
218637
218643
218644
218655
218669
218681
218685
218701
218707
218717
218735
218736
218825
218832
218858
218876
218901
218906
218910
218964
218971
219000
219015
219029
219037
219045
219047
219077
219105
219144
219148
219153
219156
219161
219175
219181
219184
219187
219191
219195
219213
219229
219252
219255
219261
219263
219286
219298
219319
219324
219327
219352
219366
219367
219373
219416
219431
219441
219453
219465
219486
219489
219495
219515
219528
219546
219575
219595
219618
219624
219625
219648
219724
219749
219781
219786
219827
219836
219853
219872
219886
219888
219917
219922
219952
219958
219963
219990
220023
220028
220050
220070
220071
220076
220121
220148
220158
220161
220162
220171
220181
220225
220231
220284
220322
220379
220401
220425
220483
220490
220493
220506
220530
220579
220599
220601
220622
220629
220657
220659
220677
220684
220711
220713
220727
220730
220731
220753
220758
220760
220770
220783
220787
220800
220801
220802
220810
220826
220833
220849
220851
220861
220893
220908
220920
220923
220938
220942
220954
220966
220972
220997
221004
221011
221027
221039
221044
221052
221064
221102
221103
221108
221146
221150
221153
221172
221184
221196
221200
221206
221242
221249
221262
221278
221285
221311
221355
221356
221358
221377
221382
221392
221404
221417
221425
221443
221470
221497
221517
221532
221541
221551
221555
221571
221588
221622
221680
221686
221696
221714
221716
221756
221759
221778
221786
221793
221879
221902
221915
221939
221942
221952
221957
221978
221996
222029
222055
222064
222067
222070
222095
222098
222113
222120
222123
222150
222158
222165
222197
222208
222235
222245
222249
222251
222271
222276
222306
222332
222336
222344
222354
222387
222392
222408
222447
222448
222467
222491
222505
222513
222521
222526
222531
222541
222542
222553
222563
222584
222596
222656
222677
222714
222722
222735
222762
222764
222767
222796
222799
222800
222815
222834
222884
222930
222931
222940
222942
222957
222985
223012
223042
223051
223106
223113
223139
223140
223166
223181
223184
223192
223193
223199
223206
223228
223236
223253
223275
223330
223340
223374
223397
223408
223426
223431
223447
223500
223507
223521
223526
223544
223560
223607
223636
223649
223661
223668
223669
223713
223742
223754
223773
223789
223795
223842
223857
223862
223881
223888
223904
223909
223911
223918
223933
223947
223952
223954
223958
223965
223974
223987
224004
224007
224067
224103
224166
224168
224172
224173
224189
224194
224212
224214
224231
224243
224270
224271
224280
224304
224314
224316
224338
224368
224382
224404
224405
224412
224415
224425
224434
224455
224458
224495
224508
224516
224532
224536
224541
224549
224580
224587
224591
224598
224645
224650
224656
224661
224663
224673
224687
224689
224707
224713
224717
224721
224724
224736
224767
224768
224770
224797
224856
224858
224865
224881
224916
224958
224995
225011
225021
225025
225053
225067
225076
225082
225111
225115
225117
225160
225163
225174
225246
225280
225292
225317
225327
225330
225337
225339
225356
225362
225396
225429
225459
225475
225478
225491
225516
225517
225520
225526
225564
225587
225620
225648
225717
225750
225760
225801
225823
225837
225852
225883
225887
225923
225927
225947
225955
225969
225985
226011
226020
226024
226030
226040
226043
226045
226099
226101
226112
226136
226153
226172
226183
226212
226230
226251
226277
226303
226322
226329
226342
226350
226351
226360
226367
226369
226370
226375
226387
226389
226390
226418
226421
226424
226427
226428
226432
226436
226438
226487
226497
226515
226539
226553
226585
226626
226639
226644
226664
226669
226691
226708
226712
226714
226728
226746
226757
226774
226783
226825
226830
226839
226852
226860
226863
226867
226885
226950
226957
226994
227018
227046
227057
227075
227076
227080
227084
227090
227097
227101
227148
227157
227170
227188
227195
227246
227270
227277
227300
227301
227302
227311
227314
227322
227339
227377
227440
227454
227460
227470
227476
227485
227512
227515
227538
227541
227555
227600
227607
227625
227634
227658
227668
227679
227687
227724
227728
227732
227761
227773
227781
227796
227805
227808
227821
227823
227845
227878
227883
227886
227890
227909
227917
227997
228000
228008
228009
228032
228041
228042
228044
228053
228096
228129
228168
228196
228197
228206
228209
228215
228223
228257
228285
228294
228308
228310
228313
228317
228320
228321
228374
228376
228413
228417
228422
228433
228446
228454
228457
228471
228473
228474
228480
228485
228506
228514
228519
228539
228551
228556
228558
228559
228578
228620
228629
228639
228661
228694
228748
228751
228790
228805
228806
228819
228827
228834
228852
228854
228866
228891
228893
228944
228956
228984
228997
229000
229013
229056
229080
229116
229132
229136
229175
229186
229201
229218
229222
229223
229225
229229
229234
229246
229268
229298
229305
229330
229365
229385
229403
229420
229427
229431
229433
229434
229446
229459
229480
229508
229515
229524
229538
229544
229554
229585
229591
229602
229610
229616
229621
229627
229659
229677
229682
229698
229725
229748
229749
229757
229761
229777
229778
229810
229821
229832
229884
229891
229926
229927
229928
229930
229936
230006
230009
230010
230011
230021
230086
230095
230105
230127
230141
230149
230150
230165
230169
230170
230179
230222
230232
230272
230292
230340
230342
230350
230371
230423
230443
230463
230471
230491
230500
230501
230513
230518
230520
230547
230559
230575
230611
230638
230640
230651
230655
230703
230734
230758
230768
230788
230806
230809
230846
230863
230885
230888
230889
230917
230943
230955
231004
231024
231026
231042
231047
231052
231058
231091
231096
231103
231130
231145
231148
231177
231183
231201
231215
231232
231261
231266
231269
231298
231357
231364
231389
231390
231392
231404
231410
231431
231437
231457
231465
231507
231511
231515
231560
231576
231615
231628
231630
231656
231672
231676
231719
231722
231738
231771
231778
231784
231792
231843
231874
231884
231925
231958
231998
232007
232022
232027
232031
232049
232059
232077
232085
232117
232128
232145
232148
232174
232177
232178
232245
232286
232300
232318
232319
232366
232383
232389
232411
232432
232442
232467
232484
232490
232535
232544
232560
232574
232582
232592
232628
232631
232644
232655
232681
232690
232705
232728
232743
232749
232766
232788
232843
232852
232857
232859
232880
232906
232917
232922
232935
232952
232956
232957
233007
233012
233034
233042
233050
233061
233081
233092
233098
233112
233124
233132
233138
233139
233146
233151
233159
233179
233191
233198
233208
233210
233217
233237
233241
233248
233249
233269
233280
233293
233300
233306
233314
233333
233340
233364
233385
233406
233407
233410
233421
233430
233433
233436
233441
233450
233459
233488
233501
233513
233531
233552
233605
233622
233655
233663
233707
233714
233726
233744
233759
233776
233780
233784
233795
233804
233822
233832
233845
233851
233858
233906
233914
233922
233935
233944
233947
233948
233950
233972
233976
233977
234028
234051
234073
234096
234101
234108
234118
234119
234130
234135
234140
234169
234177
234349
234365
234378
234444
234470
234476
234505
234506
234511
234513
234518
234521
234530
234544
234562
234569
234581
234592
234599
234632
234638
234659
234662
234677
234683
234689
234705
234706
234714
234735
234740
234756
234778
234781
234788
234798
234823
234835
234839
234863
234868
234891
234904
234916
234951
234961
234970
234973
234978
234984
235018
235028
235035
235041
235053
235079
235153
235168
235228
235253
235261
235265
235268
235269
235277
235295
235306
235315
235316
235335
235388
235397
235450
235456
235460
235499
235526
235529
235544
235553
235557
235560
235592
235603
235605
235613
235614
235638
235660
235678
235683
235705
235710
235749
235781
235787
235800
235828
235883
235912
235918
235951
235968
235981
235986
235987
235992
236034
236042
236064
236075
236093
236104
236126
236132
236162
236170
236214
236236
236237
236241
236250
236294
236301
236314
236316
236321
236342
236344
236345
236348
236351
236389
236394
236438
236441
236456
236485
236508
236521
236522
236530
236535
236546
236552
236563
236564
236587
236600
236606
236609
236633
236654
236691
236700
236702
236738
236744
236775
236816
236870
236908
236913
236933
236935
236941
236953
236965
236977
236979
237018
237040
237046
237065
237068
237071
237113
237116
237124
237147
237182
237185
237191
237197
237212
237223
237243
237255
237262
237270
237291
237300
237305
237306
237308
237330
237332
237354
237356
237366
237382
237389
237392
237414
237464
237494
237520
237555
237562
237566
237653
237690
237716
237720
237749
237774
237830
237848
237851
237854
237869
237926
237951
237969
237974
237978
237985
237986
237993
237995
237998
238006
238045
238062
238065
238072
238083
238097
238165
238173
238181
238211
238233
238235
238247
238257
238280
238310
238337
238357
238372
238381
238382
238413
238436
238452
238509
238516
238529
238531
238572
238576
238586
238617
238619
238638
238656
238666
238668
238673
238675
238705
238710
238723
238750
238755
238756
238789
238795
238802
238810
238818
238822
238867
238873
238878
238889
238899
238901
238904
238917
238922
238946
238949
239010
239090
239092
239095
239102
239126
239135
239155
239161
239186
239195
239214
239226
239261
239282
239325
239333
239352
239385
239420
239424
239434
239438
239441
239443
239463
239507
239528
239533
239563
239566
239587
239599
239623
239687
239710
239720
239733
239767
239770
239771
239776
239782
239784
239802
239804
239822
239828
239831
239839
239841
239843
239858
239901
239908
239918
239920
239928
239932
239937
239943
239945
239946
240021
240040
240041
240059
240064
240078
240079
240084
240097
240098
240114
240116
240121
240152
240160
240200
240235
240256
240262
240270
240283
240294
240296
240310
240335
240362
240373
240418
240445
240464
240516
240518
240526
240576
240620
240626
240646
240670
240671
240680
240699
240737
240751
240770
240773
240794
240889
240924
240944
240946
240952
240976
240984
240991
241019
241027
241065
241068
241083
241103
241116
241124
241130
241154
241155
241163
241164
241167
241229
241246
241300
241328
241331
241339
241348
241372
241407
241442
241468
241474
241477
241487
241516
241563
241581
241592
241620
241670
241679
241747
241760
241763
241769
241820
241830
241832
241853
241858
241866
241867
241877
241901
241931
241955
241964
241993
241994
242006
242011
242029
242032
242034
242058
242103
242116
242140
242141
242147
242148
242153
242164
242209
242214
242228
242247
242258
242262
242305
242318
242331
242334
242367
242370
242376
242414
242424
242446
242449
242454
242459
242466
242496
242498
242504
242525
242533
242534
242550
242552
242574
242607
242637
242646
242660
242671
242710
242712
242724
242728
242739
242761
242763
242769
242782
242795
242801
242816
242839
242893
242899
242913
242925
242928
242944
242962
242963
242964
242968
243019
243024
243042
243066
243099
243106
243112
243126
243130
243137
243145
243146
243150
243157
243170
243201
243207
243217
243259
243271
243286
243330
243336
243337
243349
243369
243382
243392
243410
243418
243423
243426
243438
243451
243455
243483
243510
243514
243519
243521
243538
243543
243547
243570
243581
243613
243651
243661
243667
243691
243741
243770
243771
243797
243821
243825
243848
243868
243869
243885
243888
243894
243925
243939
243950
243953
243954
243988
244010
244047
244055
244072
244073
244075
244081
244108
244114
244144
244147
244157
244171
244192
244200
244219
244224
244228
244240
244264
244272
244282
244293
244304
244327
244335
244346
244360
244361
244369
244375
244380
244389
244406
244419
244429
244442
244467
244468
244469
244474
244519
244523
244574
244598
244613
244636
244641
244665
244666
244672
244677
244690
244691
244714
244724
244734
244758
244763
244767
244777
244779
244796
244802
244803
244823
244845
244847
244869
244880
244906
244928
244949
244955
244957
244983
245051
245052
245070
245108
245110
245111
245129
245144
245147
245207
245208
245234
245249
245267
245275
245284
245293
245294
245304
245306
245307
245313
245320
245323
245347
245356
245369
245377
245390
245397
245461
245468
245478
245487
245513
245515
245526
245531
245538
245549
245551
245567
245568
245587
245594
245602
245609
245617
245629
245643
245661
245677
245689
245690
245696
245712
245728
245733
245748
245759
245773
245774
245776
245825
245826
245835
245856
245884
245887
245898
245948
245954
245955
245968
245977
245983
245993
245998
246004
246013
246019
246030
246037
246066
246086
246095
246120
246125
246140
246144
246162
246163
246165
246201
246203
246214
246232
246272
246300
246340
246347
246348
246351
246372
246379
246428
246457
246469
246476
246504
246526
246529
246550
246556
246560
246591
246598
246616
246623
246627
246642
246646
246658
246700
246726
246729
246739
246741
246754
246763
246769
246785
246791
246797
246804
246821
246835
246853
246866
246873
246883
246899
246909
246918
246947
246948
246967
246971
247037
247064
247117
247122
247147
247173
247190
247198
247201
247230
247234
247242
247256
247269
247287
247307
247309
247310
247318
247326
247334
247343
247344
247347
247362
247373
247390
247420
247440
247473
247475
247491
247522
247542
247553
247569
247570
247582
247589
247610
247623
247653
247659
247660
247692
247715
247759
247783
247789
247801
247807
247813
247817
247822
247865
247875
247897
247912
247926
247966
247977
247999
248014
248015
248017
248025
248031
248033
248044
248071
248103
248112
248160
248199
248208
248209
248225
248228
248245
248260
248289
248308
248315
248344
248367
248398
248431
248461
248466
248470
248471
248516
248527
248538
248562
248566
248568
248569
248570
248576
248586
248602
248609
248619
248622
248657
248672
248685
248686
248721
248722
248738
248760
248785
248786
248792
248808
248826
248829
248841
248850
248859
248863
248877
248881
248887
248898
248911
248937
248942
248949
248967
248978
249000
249007
249056
249060
249072
249105
249117
249143
249160
249187
249199
249201
249215
249222
249253
249273
249275
249279
249292
249299
249319
249325
249329
249344
249346
249375
249378
249382
249384
249404
249436
249439
249466
249479
249497
249498
249503
249504
249507
249513
249530
249550
249582
249583
249588
249593
249603
249616
249629
249665
249670
249677
249679
249681
249694
249699
249706
249722
249740
249747
249774
249785
249794
249816
249825
249838
249841
249847
249857
249883
249907
249914
250011
250039
250057
250066
250067
250068
250094
250097
250109
250115
250135
250143
250164
250186
250190
250204
250209
250233
250239
250250
250262
250298
250318
250351
250355
250359
250366
250386
250479
250505
250520
250526
250535
250536
250537
250585
250618
250621
250629
250653
250658
250659
250664
250671
250683
250704
250707
250742
250745
250785
250798
250833
250849
250866
250868
250880
250886
250889
250905
250925
250940
250950
250951
250958
250967
251014
251049
251056
251081
251082
251139
251158
251179
251183
251194
251197
251271
251280
251289
251305
251353
251371
251373
251384
251393
251403
251434
251453
251469
251494
251517
251544
251565
251593
251599
251622
251624
251630
251631
251645
251650
251660
251690
251715
251729
251752
251780
251803
251817
251819
251824
251840
251841
251848
251869
251892
251898
251899
251900
251918
251931
251951
251962
251977
252003
252023
252025
252051
252057
252068
252083
252128
252132
252153
252158
252160
252161
252210
252228
252265
252275
252289
252292
252295
252319
252342
252353
252357
252388
252395
252413
252431
252443
252456
252476
252478
252479
252484
252485
252509
252515
252522
252538
252542
252576
252580
252593
252609
252624
252627
252628
252631
252656
252659
252661
252663
252678
252728
252785
252786
252840
252845
252854
252866
252876
252889
252893
252930
252975
252982
252991
253006
253007
253017
253024
253030
253033
253034
253042
253075
253085
253086
253088
253110
253118
253127
253130
253159
253165
253202
253216
253221
253222
253231
253237
253249
253265
253299
253310
253330
253360
253372
253417
253423
253427
253448
253468
253487
253499
253500
253507
253533
253534
253547
253548
253566
253584
253595
253603
253611
253612
253618
253637
253660
253668
253670
253678
253682
253687
253693
253710
253714
253727
253743
253752
253772
253822
253839
253863
253899
253922
253934
253957
253963
253965
253968
253978
253981
253999
254003
254009
254020
254042
254118
254134
254135
254165
254174
254176
254190
254196
254202
254225
254239
254269
254297
254300
254315
254345
254349
254354
254379
254383
254389
254390
254393
254402
254412
254423
254487
254492
254572
254614
254633
254673
254695
254710
254715
254727
254731
254746
254751
254773
254777
254785
254802
254812
254820
254821
254825
254860
254862
254865
254870
254959
254999
255009
255042
255055
255096
255141
255143
255144
255163
255182
255185
255239
255263
255288
255311
255316
255337
255386
255402
255407
255438
255443
255455
255469
255484
255489
255536
255538
255550
255565
255602
255637
255646
255659
255681
255717
255729
255771
255785
255808
255819
255820
255855
255864
255877
255882
255889
255898
255917
255928
255961
255964
255968
255972
256000
256015
256050
256060
256061
256081
256118
256123
256130
256141
256151
256166
256173
256179
256185
256192
256197
256206
256208
256211
256214
256253
256290
256294
256324
256327
256343
256346
256359
256373
256376
256383
256389
256394
256409
256411
256490
256509
256510
256544
256547
256557
256571
256573
256603
256631
256632
256634
256650
256673
256696
256697
256698
256733
256749
256765
256809
256823
256835
256847
256867
256877
256886
256893
256920
256926
256947
256955
256983
257015
257019
257028
257044
257051
257059
257061
257076
257122
257123
257147
257150
257151
257157
257170
257192
257193
257224
257230
257285
257296
257299
257308
257327
257333
257339
257350
257364
257376
257384
257388
257394
257413
257436
257441
257443
257447
257471
257475
257490
257502
257507
257529
257552
257554
257573
257587
257598
257627
257641
257645
257671
257683
257695
257708
257714
257718
257724
257741
257743
257746
257768
257786
257802
257823
257845
257900
257929
257944
257953
257962
257969
257992
257997
258012
258014
258026
258044
258062
258064
258068
258087
258090
258144
258155
258159
258162
258179
258216
258217
258220
258289
258298
258300
258301
258308
258324
258336
258338
258342
258367
258374
258387
258404
258421
258491
258512
258519
258538
258544
258565
258575
258576
258610
258618
258634
258646
258651
258666
258667
258693
258701
258707
258722
258735
258736
258738
258739
258745
258762
258777
258810
258817
258819
258836
258843
258848
258849
258911
258957
258958
258977
258988
259005
259012
259016
259018
259032
259097
259107
259120
259182
259188
259205
259228
259237
259239
259255
259256
259268
259276
259285
259294
259312
259324
259358
259386
259388
259395
259416
259420
259439
259447
259475
259489
259492
259496
259498
259500
259531
259533
259541
259547
259558
259561
259607
259610
259662
259667
259670
259679
259687
259688
259693
259710
259725
259730
259731
259735
259796
259801
259803
259814
259845
259855
259856
259891
259897
259908
259910
259939
259960
259963
259973
259990
259993
260006
260007
260024
260049
260052
260055
260077
260142
260156
260158
260175
260195
260217
260228
260233
260238
260245
260268
260282
260287
260301
260310
260311
260317
260335
260342
260360
260413
260438
260446
260454
260502
260513
260533
260554
260601
260606
260637
260645
260678
260703
260713
260719
260731
260739
260744
260745
260746
260779
260789
260796
260821
260832
260850
260855
260893
260909
260911
260918
260923
260941
260961
260977
260978
261007
261014
261042
261049
261056
261063
261069
261084
261097
261102
261117
261121
261123
261126
261131
261138
261150
261163
261172
261177
261196
261204
261207
261213
261225
261294
261309
261311
261313
261316
261333
261356
261359
261375
261392
261411
261414
261443
261455
261456
261467
261478
261482
261483
261491
261492
261494
261497
261502
261506
261518
261524
261537
261568
261585
261592
261600
261603
261645
261667
261699
261735
261770
261774
261777
261779
261819
261830
261868
261871
261909
261989
262000
262006
262007
262021
262058
262075
262078
262107
262114
262140
262160
262179
262200
262225
262227
262253
262257
262291
262313
262326
262372
262413
262415
262416
262421
262429
262430
262436
262441
262454
262456
262475
262505
262527
262529
262532
262534
262540
262553
262561
262570
262580
262584
262614
262619
262622
262623
262642
262652
262671
262672
262689
262707
262725
262734
262766
262781
262792
262795
262829
262833
262849
262864
262876
262895
262909
262986
263013
263017
263045
263047
263077
263110
263124
263131
263138
263144
263148
263169
263204
263234
263310
263311
263324
263338
263355
263366
263407
263451
263489
263521
263526
263533
263554
263562
263570
263583
263599
263610
263649
263653
263679
263680
263699
263706
263732
263758
263804
263847
263848
263861
263874
263885
263896
263903
263906
263920
263941
263942
263952
263993
264010
264019
264023
264029
264035
264045
264046
264080
264083
264150
264175
264178
264179
264191
264196
264210
264212
264213
264218
264244
264249
264256
264283
264286
264294
264320
264339
264391
264407
264417
264420
264423
264437
264441
264453
264456
264470
264491
264497
264505
264513
264515
264534
264538
264541
264547
264565
264598
264601
264602
264612
264624
264631
264653
264675
264683
264690
264706
264733
264734
264746
264748
264814
264835
264837
264853
264860
264864
264867
264878
264890
264893
264928
264941
264952
264958
264983
264985
264992
264997
265003
265007
265010
265014
265015
265038
265059
265063
265076
265087
265101
265107
265111
265149
265154
265162
265182
265184
265189
265201
265202
265206
265232
265234
265239
265241
265258
265293
265305
265328
265353
265354
265367
265380
265395
265398
265400
265410
265414
265439
265454
265471
265478
265480
265482
265483
265497
265515
265539
265561
265598
265607
265610
265612
265629
265636
265653
265661
265705
265709
265734
265763
265769
265770
265777
265778
265826
265833
265882
265884
265895
265902
265914
265933
265946
265949
265986
265990
266019
266032
266035
266051
266070
266074
266080
266092
266093
266100
266113
266120
266141
266152
266166
266171
266180
266232
266240
266245
266256
266259
266283
266328
266331
266335
266370
266377
266389
266410
266419
266446
266449
266461
266467
266489
266514
266517
266528
266530
266531
266534
266537
266571
266584
266605
266606
266613
266633
266661
266681
266695
266700
266704
266732
266733
266751
266761
266796
266823
266824
266830
266841
266843
266859
266874
266878
266884
266898
266920
266926
266930
266938
266965
266974
266975
266981
267006
267011
267015
267016
267028
267074
267102
267105
267106
267130
267137
267146
267163
267191
267201
267205
267242
267268
267293
267301
267363
267375
267394
267396
267421
267430
267435
267452
267486
267519
267579
267580
267588
267600
267604
267631
267633
267641
267662
267672
267673
267677
267678
267724
267759
267762
267783
267802
267832
267842
267852
267853
267857
267876
267883
267900
267909
267934
267936
267971
268009
268055
268056
268060
268081
268098
268106
268116
268135
268144
268153
268179
268180
268197
268207
268214
268219
268228
268238
268263
268275
268278
268290
268320
268332
268344
268349
268353
268375
268388
268427
268442
268467
268496
268508
268509
268516
268519
268526
268530
268531
268532
268540
268542
268571
268581
268606
268637
268659
268672
268692
268697
268712
268746
268773
268789
268802
268807
268831
268859
268864
268866
268887
268915
268934
268946
268974
268978
269013
269029
269051
269074
269105
269120
269129
269137
269175
269179
269209
269220
269224
269231
269249
269261
269263
269266
269273
269280
269284
269287
269291
269294
269330
269377
269383
269388
269421
269424
269449
269477
269479
269481
269496
269529
269535
269536
269540
269546
269547
269548
269555
269635
269641
269655
269665
269671
269683
269734
269736
269744
269751
269757
269777
269791
269804
269847
269913
269915
269917
269925
269935
269969
269975
269981
269993
270001
270004
270005
270016
270033
270036
270049
270057
270068
270091
270092
270114
270133
270136
270149
270152
270178
270204
270240
270242
270259
270264
270278
270279
270286
270304
270312
270322
270325
270326
270351
270361
270383
270397
270417
270431
270442
270478
270483
270494
270510
270534
270543
270581
270584
270614
270618
270620
270637
270654
270655
270716
270734
270751
270766
270775
270785
270787
270795
270808
270815
270840
270845
270848
270851
270877
270913
270921
270943
270975
270977
271024
271026
271042
271055
271069
271071
271072
271087
271103
271112
271138
271163
271173
271177
271184
271189
271191
271228
271229
271231
271237
271251
271256
271289
271292
271305
271310
271320
271339
271341
271342
271346
271349
271380
271381
271385
271409
271411
271441
271466
271529
271562
271587
271616
271617
271639
271648
271663
271664
271673
271676
271710
271728
271766
271774
271785
271799
271819
271823
271828
271832
271848
271851
271858
271863
271865
271900
271921
271925
271932
271943
271946
271950
271982
271997
272002
272005
272033
272059
272061
272103
272106
272198
272206
272215
272221
272314
272351
272353
272354
272366
272381
272391
272454
272468
272478
272487
272500
272525
272533
272541
272573
272578
272595
272600
272615
272633
272641
272643
272665
272712
272733
272736
272737
272744
272754
272773
272807
272812
272816
272818
272839
272842
272862
272892
272905
272909
272912
272946
272947
272964
272986
272997
273011
273026
273028
273037
273057
273073
273079
273093
273100
273118
273165
273171
273194
273213
273215
273231
273238
273244
273275
273278
273329
273341
273360
273367
273374
273378
273408
273431
273450
273462
273469
273496
273509
273519
273527
273529
273555
273558
273578
273584
273604
273607
273618
273630
273633
273639
273641
273702
273703
273723
273724
273734
273743
273761
273762
273779
273812
273820
273842
273848
273898
273954
273964
273967
273988
273991
274004
274012
274013
274018
274048
274066
274070
274090
274092
274118
274164
274170
274177
274189
274196
274199
274212
274233
274239
274250
274262
274273
274280
274293
274308
274322
274324
274326
274337
274340
274362
274377
274383
274398
274401
274403
274411
274449
274476
274515
274550
274574
274606
274620
274636
274653
274654
274663
274674
274686
274699
274700
274716
274721
274739
274751
274785
274802
274803
274804
274834
274847
274931
274957
274958
274964
274966
275001
275005
275043
275075
275077
275089
275096
275132
275134
275148
275152
275156
275176
275179
275180
275200
275225
275226
275228
275242
275284
275290
275291
275297
275329
275339
275368
275410
275437
275444
275460
275461
275464
275479
275496
275524
275530
275556
275559
275565
275573
275592
275627
275631
275687
275699
275700
275708
275709
275712
275714
275717
275718
275736
275755
275757
275773
275812
275834
275837
275850
275878
275883
275891
275895
275934
275936
275941
275944
275951
275973
275980
275986
275991
275992
276017
276024
276036
276088
276095
276096
276105
276111
276175
276192
276195
276197
276198
276203
276204
276215
276232
276261
276274
276285
276296
276326
276342
276346
276359
276370
276378
276379
276434
276440
276450
276457
276462
276473
276516
276525
276532
276601
276609
276612
276618
276620
276626
276640
276641
276642
276648
276660
276664
276700
276741
276755
276759
276762
276765
276770
276804
276811
276831
276836
276839
276845
276861
276866
276910
276983
277004
277011
277016
277019
277026
277036
277041
277046
277047
277053
277061
277067
277083
277096
277104
277121
277125
277138
277142
277155
277161
277162
277165
277176
277177
277245
277256
277259
277263
277269
277282
277291
277296
277311
277347
277355
277363
277382
277401
277414
277416
277433
277440
277448
277453
277460
277468
277476
277482
277485
277487
277490
277520
277527
277532
277533
277535
277562
277570
277573
277602
277623
277632
277633
277653
277671
277686
277689
277714
277720
277727
277730
277775
277804
277805
277808
277825
277849
277878
277894
277905
277907
277933
277940
277942
277943
277977
277980
277991
277994
278012
278015
278016
278021
278029
278038
278069
278071
278080
278091
278111
278113
278123
278156
278158
278166
278197
278242
278245
278255
278305
278311
278313
278323
278364
278367
278416
278421
278422
278423
278427
278446
278447
278463
278466
278477
278481
278491
278496
278509
278529
278572
278575
278577
278579
278582
278604
278610
278621
278622
278636
278648
278691
278702
278717
278722
278729
278734
278742
278746
278752
278762
278797
278809
278816
278841
278843
278846
278860
278879
278886
278888
278905
278906
278909
278912
278913
278919
278920
278976
278993
279006
279025
279027
279053
279056
279076
279105
279124
279142
279148
279149
279159
279182
279218
279226
279231
279254
279277
279284
279295
279302
279310
279314
279334
279338
279350
279363
279403
279404
279411
279430
279431
279432
279434
279457
279458
279467
279471
279518
279540
279582
279610
279629
279630
279634
279660
279672
279683
279691
279699
279710
279770
279772
279793
279805
279815
279838
279851
279852
279855
279863
279869
279870
279878
279909
279923
279947
279975
279991
280002
280009
280024
280030
280040
280045
280051
280057
280102
280111
280127
280133
280134
280140
280158
280172
280265
280279
280280
280293
280295
280298
280314
280316
280333
280368
280393
280408
280435
280443
280456
280460
280472
280479
280520
280570
280575
280584
280587
280607
280632
280643
280644
280651
280654
280675
280695
280699
280722
280725
280737
280769
280796
280816
280821
280837
280845
280855
280861
280864
280896
280925
280934
280958
280980
280987
280989
281006
281014
281035
281044
281063
281077
281085
281087
281103
281104
281120
281121
281123
281166
281170
281171
281179
281182
281192
281229
281272
281276
281292
281338
281395
281408
281430
281477
281485
281505
281515
281555
281577
281581
281584
281599
281638
281652
281655
281687
281688
281704
281743
281759
281762
281771
281772
281774
281786
281789
281792
281794
281799
281806
281814
281822
281824
281829
281840
281852
281888
281890
281905
281910
281918
281938
281956
281964
282006
282010
282034
282038
282039
282041
282084
282107
282133
282143
282151
282157
282161
282171
282176
282190
282246
282262
282263
282307
282313
282314
282319
282344
282345
282366
282376
282392
282395
282411
282426
282427
282432
282449
282477
282491
282498
282528
282535
282579
282589
282606
282607
282610
282617
282619
282640
282653
282670
282684
282702
282724
282726
282735
282739
282754
282787
282794
282797
282816
282817
282847
282871
282881
282891
282898
282930
282972
282998
283016
283025
283029
283037
283039
283059
283060
283068
283080
283091
283120
283124
283139
283147
283154
283157
283181
283196
283202
283220
283228
283235
283268
283296
283325
283361
283372
283375
283385
283395
283401
283426
283430
283439
283442
283489
283515
283521
283545
283546
283555
283571
283643
283667
283677
283708
283710
283713
283714
283764
283769
283780
283792
283810
283818
283954
283975
283977
283984
284010
284044
284049
284051
284082
284121
284128
284140
284178
284200
284234
284239
284241
284258
284260
284282
284294
284310
284329
284369
284396
284398
284415
284451
284466
284478
284508
284555
284578
284606
284610
284617
284624
284629
284637
284641
284645
284648
284671
284709
284720
284747
284750
284783
284801
284805
284854
284857
284858
284865
284868
284881
284883
284884
284889
284902
284917
284931
284932
284942
284953
284955
284956
285009
285018
285041
285079
285084
285089
285126
285146
285147
285149
285152
285154
285166
285189
285208
285209
285222
285223
285241
285242
285252
285257
285259
285262
285297
285298
285312
285313
285318
285348
285350
285378
285389
285433
285436
285453
285470
285478
285482
285498
285507
285519
285535
285569
285571
285593
285618
285632
285643
285651
285660
285682
285690
285706
285717
285725
285730
285733
285736
285768
285779
285805
285808
285831
285835
285855
285864
285871
285873
285895
285917
285960
285969
285981
285991
286002
286006
286008
286031
286045
286056
286063
286101
286125
286148
286180
286194
286197
286214
286221
286271
286296
286327
286353
286447
286459
286473
286494
286497
286505
286509
286521
286528
286542
286579
286633
286635
286661
286679
286686
286727
286750
286793
286801
286804
286847
286896
286933
286934
286947
286963
286976
286979
287001
287026
287028
287041
287075
287099
287123
287125
287131
287135
287137
287140
287141
287142
287146
287153
287199
287224
287258
287267
287296
287300
287303
287305
287310
287323
287373
287391
287396
287431
287437
287491
287494
287540
287585
287605
287609
287615
287634
287639
287665
287671
287673
287678
287684
287685
287688
287696
287708
287726
287737
287764
287842
287845
287846
287875
287881
287901
287905
287917
287921
287945
287956
287971
287987
287998
288001
288013
288021
288034
288044
288077
288091
288105
288120
288122
288137
288175
288179
288183
288227
288250
288253
288268
288305
288362
288368
288382
288400
288410
288435
288457
288460
288469
288481
288496
288497
288512
288538
288544
288568
288569
288574
288576
288578
288585
288591
288604
288645
288646
288672
288682
288692
288699
288712
288717
288718
288719
288726
288733
288741
288773
288793
288797
288819
288838
288847
288871
288893
288914
288919
288946
288950
289030
289033
289034
289044
289053
289054
289069
289084
289101
289104
289111
289118
289124
289136
289180
289188
289194
289214
289233
289250
289251
289252
289255
289262
289264
289265
289293
289303
289304
289318
289328
289338
289345
289348
289365
289410
289442
289448
289492
289500
289514
289518
289527
289578
289624
289643
289680
289706
289777
289782
289787
289803
289814
289846
289860
289861
289865
289867
289883
289943
289966
289968
290007
290008
290022
290028
290029
290035
290043
290046
290047
290049
290087
290118
290146
290156
290162
290187
290202
290205
290232
290240
290272
290282
290288
290357
290370
290382
290384
290385
290387
290389
290402
290415
290424
290509
290513
290521
290522
290554
290562
290565
290572
290600
290606
290659
290663
290672
290679
290680
290685
290689
290756
290807
290840
290848
290857
290861
290874
290876
290903
290919
290923
290933
290994
290997
291001
291028
291033
291061
291072
291101
291115
291124
291138
291160
291186
291190
291193
291196
291200
291214
291218
291233
291247
291269
291287
291296
291305
291313
291324
291337
291342
291351
291356
291367
291369
291399
291408
291414
291470
291483
291509
291518
291520
291541
291554
291556
291569
291575
291595
291598
291604
291622
291638
291646
291656
291664
291678
291691
291697
291726
291728
291733
291755
291806
291813
291815
291855
291870
291882
291884
291887
291905
291911
291915
291922
291926
291928
291971
291996
292016
292022
292045
292069
292070
292089
292099
292156
292157
292161
292174
292188
292190
292200
292225
292237
292248
292250
292266
292276
292287
292294
292336
292341
292348
292388
292445
292447
292449
292456
292470
292475
292503
292505
292512
292537
292558
292581
292593
292606
292610
292638
292657
292660
292684
292704
292706
292733
292763
292790
292793
292796
292798
292830
292834
292835
292844
292854
292867
292894
292916
292930
292934
292942
292984
292989
292991
293006
293033
293078
293089
293116
293166
293191
293278
293286
293290
293306
293318
293337
293355
293367
293379
293400
293403
293408
293417
293437
293449
293472
293485
293491
293506
293531
293535
293548
293553
293681
293696
293733
293758
293761
293771
293774
293809
293810
293812
293815
293836
293843
293844
293882
293893
293935
293953
293964
293991
294000
294002
294010
294012
294024
294030
294051
294054
294076
294105
294111
294150
294195
294197
294207
294215
294218
294219
294229
294241
294265
294274
294292
294295
294329
294333
294353
294370
294406
294426
294437
294469
294480
294499
294504
294524
294527
294538
294560
294561
294578
294629
294639
294647
294659
294710
294724
294758
294761
294780
294781
294787
294861
294871
294880
294889
294891
294904
294917
294924
294929
294948
294957
294973
294978
294979
294983
294987
295002
295012
295018
295032
295050
295069
295082
295104
295112
295143
295157
295166
295182
295187
295192
295221
295231
295281
295289
295293
295326
295332
295334
295357
295362
295382
295397
295413
295420
295477
295485
295507
295521
295559
295563
295584
295598
295601
295648
295691
295701
295751
295765
295797
295804
295806
295819
295828
295837
295850
295865
295877
295880
295895
295910
295911
295934
295937
295958
295968
295983
295990
296003
296008
296014
296018
296025
296028
296061
296064
296070
296098
296099
296135
296164
296184
296185
296194
296206
296209
296234
296235
296244
296266
296284
296286
296301
296305
296324
296386
296414
296417
296419
296439
296444
296493
296503
296505
296541
296557
296561
296573
296596
296636
296639
296651
296663
296673
296682
296688
296697
296705
296717
296759
296802
296835
296840
296884
296918
296925
296941
296943
296972
297007
297012
297026
297044
297054
297059
297068
297101
297104
297143
297155
297204
297213
297219
297263
297282
297323
297343
297364
297373
297388
297390
297411
297413
297428
297442
297446
297449
297456
297472
297473
297478
297481
297486
297494
297534
297535
297581
297584
297596
297601
297603
297616
297618
297641
297671
297708
297721
297725
297726
297762
297777
297779
297784
297791
297793
297799
297809
297819
297833
297840
297918
297926
297933
297947
297980
298014
298015
298016
298019
298027
298058
298071
298073
298082
298089
298110
298138
298163
298177
298181
298184
298207
298294
298302
298310
298311
298333
298370
298381
298383
298390
298395
298402
298416
298435
298446
298449
298499
298503
298529
298558
298560
298596
298633
298637
298654
298661
298662
298719
298720
298764
298781
298785
298789
298811
298860
298862
298871
298885
298893
298895
298898
298925
298937
298949
298953
298971
298978
298982
298983
298985
299004
299042
299048
299067
299097
299100
299125
299134
299141
299143
299147
299170
299182
299196
299208
299286
299292
299297
299300
299328
299351
299354
299356
299364
299374
299386
299402
299409
299413
299431
299434
299435
299444
299460
299464
299518
299533
299539
299584
299592
299598
299606
299619
299627
299634
299676
299677
299687
299690
299699
299704
299717
299721
299739
299764
299784
299790
299796
299824
299873
299885
299912
299916
299947
299958
299976
